Sonntag 9:00	PP	01.06.2025	09:00	-1	-1	
2
0	-1	-1
3	-1	-1
0	2
3	2
0	0	1	2	3	4	6	7	9	10	11	13	15	16	17	18	19	20	21	22	23	24	26	28	29	30	31	32	33	34	35	37	38	39	40	41	43	44	46	47	48
3	0	1	2	3	4	5	6	7	8	9	10	11	12	13	14	15	16	17	18	19	20	21	22	23	24	25	26	27	28	29	30	31	32	33	34	35	36	37	38	39	40	41	42	43	44	45	46	47	48
0	0	1	2	3	4	6	7	9	10	11	13	15	16	17	18	19	20	21	22	23	24	26	28	29	30	31	32	33	34	35	37	38	39	40	41	43	44	46	47	48
3	0	1	2	3	4	5	6	7	8	9	10	11	12	13	14	15	16	17	18	19	20	21	22	23	24	25	26	27	28	29	30	31	32	33	34	35	36	37	38	39	40	41	42	43	44	45	46	47	48
Sonntag 11:00	MK	01.06.2025	11:00	-1	-1	
2
0	-1	-1
3	-1	-1
0	2
3	2
0	0	1	2	3	4	6	7	9	10	11	13	15	16	17	18	19	20	21	22	23	24	26	28	29	30	31	32	33	34	35	37	38	39	40	41	43	44	46	47	48
3	0	1	2	3	4	5	6	7	8	9	10	11	12	13	14	15	16	17	18	19	20	21	22	23	24	25	26	27	28	29	30	31	32	33	34	35	36	37	38	39	40	41	42	43	44	45	46	47	48
0	0	1	2	3	4	6	7	9	10	11	13	15	16	17	18	19	20	21	22	23	24	26	28	29	30	31	32	33	34	35	37	38	39	40	41	43	44	46	47	48
3	0	1	2	3	4	5	6	7	8	9	10	11	12	13	14	15	16	17	18	19	20	21	22	23	24	25	26	27	28	29	30	31	32	33	34	35	36	37	38	39	40	41	42	43	44	45	46	47	48
Dienstag 18:30	MK	03.06.2025	18:30	-1	-1	
1
3	-1	-1
3	2
3	1	2	3	4	5	6	7	8	10	12	14	15	16	17	18	19	20	21	22	23	25	26	27	28	29	30	34	35	36	38	42	43	44	45	46
3	1	2	3	4	5	6	7	8	10	12	14	15	16	17	18	19	20	21	22	23	25	26	27	28	29	30	34	35	36	38	42	43	44	45	46
Samstag 18:30	PP	07.06.2025	18:30	-1	-1	
2
0	-1	-1
3	-1	-1
0	2
3	2
0	0	1	2	3	4	6	7	9	10	11	13	15	16	17	18	19	20	21	22	23	24	26	28	29	30	31	32	33	34	35	37	38	39	40	41	43	44	46	47	48
3	0	1	2	3	4	5	6	7	8	9	10	11	12	13	14	15	16	17	18	19	20	21	22	23	24	25	26	27	28	29	30	31	32	33	34	35	36	37	38	39	40	41	42	43	44	45	46	47	48
0	0	1	2	3	4	6	7	9	10	11	13	15	16	17	18	19	20	21	22	23	24	26	28	29	30	31	32	33	34	35	37	38	39	40	41	43	44	46	47	48
3	0	1	2	3	4	5	6	7	8	9	10	11	12	13	14	15	16	17	18	19	20	21	22	23	24	25	26	27	28	29	30	31	32	33	34	35	36	37	38	39	40	41	42	43	44	45	46	47	48
Fingsmontag	PP	08.06.2025	09:00	-1	-1	
2
0	-1	-1
3	-1	-1
0	2
3	2
0	0	1	2	3	4	6	7	9	10	11	13	15	16	17	18	19	20	21	22	23	24	26	28	29	30	31	32	33	34	35	37	38	39	40	41	43	44	46	47	48
3	0	1	2	3	4	5	6	7	8	9	10	11	12	13	14	15	16	17	18	19	20	21	22	23	24	25	26	27	28	29	30	31	32	33	34	35	36	37	38	39	40	41	42	43	44	45	46	47	48
0	0	1	2	3	4	6	7	9	10	11	13	15	16	17	18	19	20	21	22	23	24	26	28	29	30	31	32	33	34	35	37	38	39	40	41	43	44	46	47	48
3	0	1	2	3	4	5	6	7	8	9	10	11	12	13	14	15	16	17	18	19	20	21	22	23	24	25	26	27	28	29	30	31	32	33	34	35	36	37	38	39	40	41	42	43	44	45	46	47	48
Sonntag 9:00	PP	08.06.2025	09:00	-1	-1	
2
0	-1	-1
3	-1	-1
0	2
3	2
0	0	1	2	3	4	6	7	9	10	11	13	15	16	17	18	19	20	21	22	23	24	26	28	29	30	31	32	33	34	35	37	38	39	40	41	43	44	46	47	48
3	0	1	2	3	4	5	6	7	8	9	10	11	12	13	14	15	16	17	18	19	20	21	22	23	24	25	26	27	28	29	30	31	32	33	34	35	36	37	38	39	40	41	42	43	44	45	46	47	48
0	0	1	2	3	4	6	7	9	10	11	13	15	16	17	18	19	20	21	22	23	24	26	28	29	30	31	32	33	34	35	37	38	39	40	41	43	44	46	47	48
3	0	1	2	3	4	5	6	7	8	9	10	11	12	13	14	15	16	17	18	19	20	21	22	23	24	25	26	27	28	29	30	31	32	33	34	35	36	37	38	39	40	41	42	43	44	45	46	47	48
Sonntag 11:00	MK	08.06.2025	11:00	-1	-1	
2
0	-1	-1
3	-1	-1
0	2
3	2
0	0	1	2	3	4	6	7	9	10	11	13	15	16	17	18	19	20	21	22	23	24	26	28	29	30	31	32	33	34	35	37	38	39	40	41	43	44	46	47	48
3	0	1	2	3	4	5	6	7	8	9	10	11	12	13	14	15	16	17	18	19	20	21	22	23	24	25	26	27	28	29	30	31	32	33	34	35	36	37	38	39	40	41	42	43	44	45	46	47	48
0	0	1	2	3	4	6	7	9	10	11	13	15	16	17	18	19	20	21	22	23	24	26	28	29	30	31	32	33	34	35	37	38	39	40	41	43	44	46	47	48
3	0	1	2	3	4	5	6	7	8	9	10	11	12	13	14	15	16	17	18	19	20	21	22	23	24	25	26	27	28	29	30	31	32	33	34	35	36	37	38	39	40	41	42	43	44	45	46	47	48
Dienstag 18:30	MK	10.06.2025	18:30	-1	-1	
1
3	-1	-1
3	2
3	1	2	3	4	5	6	7	8	10	12	14	15	16	17	18	19	20	21	22	23	25	26	27	28	29	30	34	35	36	38	42	43	44	45	46
3	1	2	3	4	5	6	7	8	10	12	14	15	16	17	18	19	20	21	22	23	25	26	27	28	29	30	34	35	36	38	42	43	44	45	46
Samstag 18:30	PP	14.06.2025	18:30	-1	-1	
2
0	-1	-1
3	-1	-1
0	2
3	2
0	0	1	2	3	4	6	7	9	10	11	13	15	16	17	18	19	20	21	22	23	24	26	28	29	30	31	32	33	34	35	37	38	39	40	41	43	44	46	47	48
3	0	1	2	3	4	5	6	7	8	9	10	11	12	13	14	15	16	17	18	19	20	21	22	23	24	25	26	27	28	29	30	31	32	33	34	35	36	37	38	39	40	41	42	43	44	45	46	47	48
0	0	1	2	3	4	6	7	9	10	11	13	15	16	17	18	19	20	21	22	23	24	26	28	29	30	31	32	33	34	35	37	38	39	40	41	43	44	46	47	48
3	0	1	2	3	4	5	6	7	8	9	10	11	12	13	14	15	16	17	18	19	20	21	22	23	24	25	26	27	28	29	30	31	32	33	34	35	36	37	38	39	40	41	42	43	44	45	46	47	48
Sonntag 9:00	PP	15.06.2025	09:00	-1	-1	
2
0	-1	-1
3	-1	-1
0	2
3	2
0	0	1	2	3	4	6	7	9	10	11	13	15	16	17	18	19	20	21	22	23	24	26	28	29	30	31	32	33	34	35	37	38	39	40	41	43	44	46	47	48
3	0	1	2	3	4	5	6	7	8	9	10	11	12	13	14	15	16	17	18	19	20	21	22	23	24	25	26	27	28	29	30	31	32	33	34	35	36	37	38	39	40	41	42	43	44	45	46	47	48
0	0	1	2	3	4	6	7	9	10	11	13	15	16	17	18	19	20	21	22	23	24	26	28	29	30	31	32	33	34	35	37	38	39	40	41	43	44	46	47	48
3	0	1	2	3	4	5	6	7	8	9	10	11	12	13	14	15	16	17	18	19	20	21	22	23	24	25	26	27	28	29	30	31	32	33	34	35	36	37	38	39	40	41	42	43	44	45	46	47	48
Sonntag 11:00	MK	15.06.2025	11:00	-1	-1	
2
0	-1	-1
3	-1	-1
0	2
3	2
0	0	1	2	3	4	6	7	9	10	11	13	15	16	17	18	19	20	21	22	23	24	26	28	29	30	31	32	33	34	35	37	38	39	40	41	43	44	46	47	48
3	0	1	2	3	4	5	6	7	8	9	10	11	12	13	14	15	16	17	18	19	20	21	22	23	24	25	26	27	28	29	30	31	32	33	34	35	36	37	38	39	40	41	42	43	44	45	46	47	48
0	0	1	2	3	4	6	7	9	10	11	13	15	16	17	18	19	20	21	22	23	24	26	28	29	30	31	32	33	34	35	37	38	39	40	41	43	44	46	47	48
3	0	1	2	3	4	5	6	7	8	9	10	11	12	13	14	15	16	17	18	19	20	21	22	23	24	25	26	27	28	29	30	31	32	33	34	35	36	37	38	39	40	41	42	43	44	45	46	47	48
Dienstag 18:30	MK	17.06.2025	18:30	-1	-1	
1
3	-1	-1
3	2
3	1	2	3	4	5	6	7	8	10	12	14	15	16	17	18	19	20	21	22	23	25	26	27	28	29	30	34	35	36	38	42	43	44	45	46
3	1	2	3	4	5	6	7	8	10	12	14	15	16	17	18	19	20	21	22	23	25	26	27	28	29	30	34	35	36	38	42	43	44	45	46
Fronnleichnahm 	PP	19.06.2025	09:00	-1	-1	vor dem alten Hospital treffpunkt PP
4
0	-1	-1
2	-1	-1
3	-1	-1	-1	-1	-1	-1	-1	-1	-1	-1	-1	-1
4	-1	-1
0	2
2	2
3	12
4	2
0	0	1	2	3	4	6	7	9	10	11	13	15	16	17	18	19	20	21	22	23	24	26	28	29	30	31	32	33	34	35	37	38	39	40	41	43	44	46	47	48
2	1	2	9	16	17	18	22	23	24	28	31	32	33	37	38	39	40	41	43	46	47	48
3	0	1	2	3	4	5	6	7	8	9	10	11	12	13	14	15	16	17	18	19	20	21	22	23	24	25	26	27	28	29	30	31	32	33	34	35	36	37	38	39	40	41	42	43	44	45	46	47	48
4	9	32	38	39	40	46	48
0	0	1	2	3	4	6	7	9	10	11	13	15	16	17	18	19	20	21	22	23	24	26	28	29	30	31	32	33	34	35	37	38	39	40	41	43	44	46	47	48
2	1	2	9	16	17	18	22	23	24	28	31	32	33	37	38	39	40	41	43	46	47	48
3	0	1	2	3	4	5	6	7	8	9	10	11	12	13	14	15	16	17	18	19	20	21	22	23	24	25	26	27	28	29	30	31	32	33	34	35	36	37	38	39	40	41	42	43	44	45	46	47	48
4	9	32	38	39	40	46	48
Samstag 18:30	PP	21.06.2025	18:30	-1	-1	
2
0	-1	-1
3	-1	-1
0	2
3	2
0	0	1	2	3	4	6	7	9	10	11	13	15	16	17	18	19	20	21	22	23	24	26	28	29	30	31	32	33	34	35	37	38	39	40	41	43	44	46	47	48
3	0	1	2	3	4	5	6	7	8	9	10	11	12	13	14	15	16	17	18	19	20	21	22	23	24	25	26	27	28	29	30	31	32	33	34	35	36	37	38	39	40	41	42	43	44	45	46	47	48
0	0	1	2	3	4	6	7	9	10	11	13	15	16	17	18	19	20	21	22	23	24	26	28	29	30	31	32	33	34	35	37	38	39	40	41	43	44	46	47	48
3	0	1	2	3	4	5	6	7	8	9	10	11	12	13	14	15	16	17	18	19	20	21	22	23	24	25	26	27	28	29	30	31	32	33	34	35	36	37	38	39	40	41	42	43	44	45	46	47	48
Sonntag 9:00	PP	22.06.2025	09:00	-1	-1	
2
0	-1	-1
3	-1	-1
0	2
3	2
0	0	1	2	3	4	6	7	9	10	11	13	15	16	17	18	19	20	21	22	23	24	26	28	29	30	31	32	33	34	35	37	38	39	40	41	43	44	46	47	48
3	0	1	2	3	4	5	6	7	8	9	10	11	12	13	14	15	16	17	18	19	20	21	22	23	24	25	26	27	28	29	30	31	32	33	34	35	36	37	38	39	40	41	42	43	44	45	46	47	48
0	0	1	2	3	4	6	7	9	10	11	13	15	16	17	18	19	20	21	22	23	24	26	28	29	30	31	32	33	34	35	37	38	39	40	41	43	44	46	47	48
3	0	1	2	3	4	5	6	7	8	9	10	11	12	13	14	15	16	17	18	19	20	21	22	23	24	25	26	27	28	29	30	31	32	33	34	35	36	37	38	39	40	41	42	43	44	45	46	47	48
Sonntag 11:00	MK	22.06.2025	11:00	-1	-1	
2
0	-1	-1
3	-1	-1
0	2
3	2
0	0	1	2	3	4	6	7	9	10	11	13	15	16	17	18	19	20	21	22	23	24	26	28	29	30	31	32	33	34	35	37	38	39	40	41	43	44	46	47	48
3	0	1	2	3	4	5	6	7	8	9	10	11	12	13	14	15	16	17	18	19	20	21	22	23	24	25	26	27	28	29	30	31	32	33	34	35	36	37	38	39	40	41	42	43	44	45	46	47	48
0	0	1	2	3	4	6	7	9	10	11	13	15	16	17	18	19	20	21	22	23	24	26	28	29	30	31	32	33	34	35	37	38	39	40	41	43	44	46	47	48
3	0	1	2	3	4	5	6	7	8	9	10	11	12	13	14	15	16	17	18	19	20	21	22	23	24	25	26	27	28	29	30	31	32	33	34	35	36	37	38	39	40	41	42	43	44	45	46	47	48
Dienstag 18:30	MK	24.06.2025	18:30	-1	-1	
1
3	-1	-1
3	2
3	1	2	3	4	5	6	7	8	10	12	14	15	16	17	18	19	20	21	22	23	25	26	27	28	29	30	34	35	36	38	42	43	44	45	46
3	1	2	3	4	5	6	7	8	10	12	14	15	16	17	18	19	20	21	22	23	25	26	27	28	29	30	34	35	36	38	42	43	44	45	46
Samstag 18:30	PP	28.06.2025	18:30	-1	-1	
2
0	-1	-1
3	-1	-1
0	2
3	2
0	0	1	2	3	4	6	7	9	10	11	13	15	16	17	18	19	20	21	22	23	24	26	28	29	30	31	32	33	34	35	37	38	39	40	41	43	44	46	47	48
3	0	1	2	3	4	5	6	7	8	9	10	11	12	13	14	15	16	17	18	19	20	21	22	23	24	25	26	27	28	29	30	31	32	33	34	35	36	37	38	39	40	41	42	43	44	45	46	47	48
0	0	1	2	3	4	6	7	9	10	11	13	15	16	17	18	19	20	21	22	23	24	26	28	29	30	31	32	33	34	35	37	38	39	40	41	43	44	46	47	48
3	0	1	2	3	4	5	6	7	8	9	10	11	12	13	14	15	16	17	18	19	20	21	22	23	24	25	26	27	28	29	30	31	32	33	34	35	36	37	38	39	40	41	42	43	44	45	46	47	48
Patrozinium/ Heimatfest	PP	29.06.2025	09:00	-1	-1	test
4
0	-1	-1
2	-1	-1
3	-1	-1	-1	-1	-1	-1	-1	-1	-1	-1	-1	-1
4	-1	-1
0	2
2	2
3	12
4	2
0	0	1	2	3	4	6	7	9	10	11	13	15	16	17	18	19	20	21	22	23	24	26	28	29	30	31	32	33	34	35	37	38	39	40	41	43	44	46	47	48
2	1	2	9	16	17	18	22	23	24	28	31	32	33	37	38	39	40	41	43	46	47	48
3	0	1	2	3	4	5	6	7	8	9	10	11	12	13	14	15	16	17	18	19	20	21	22	23	24	25	26	27	28	29	30	31	32	33	34	35	36	37	38	39	40	41	42	43	44	45	46	47	48
4	9	32	38	39	40	46	48
0	0	1	2	3	4	6	7	9	10	11	13	15	16	17	18	19	20	21	22	23	24	26	28	29	30	31	32	33	34	35	37	38	39	40	41	43	44	46	47	48
2	1	2	9	16	17	18	22	23	24	28	31	32	33	37	38	39	40	41	43	46	47	48
3	0	1	2	3	4	5	6	7	8	9	10	11	12	13	14	15	16	17	18	19	20	21	22	23	24	25	26	27	28	29	30	31	32	33	34	35	36	37	38	39	40	41	42	43	44	45	46	47	48
4	9	32	38	39	40	46	48
Sonntag 9:00	PP	29.06.2025	09:00	-1	-1	
2
0	-1	-1
3	-1	-1
0	2
3	2
0	0	1	2	3	4	6	7	9	10	11	13	15	16	17	18	19	20	21	22	23	24	26	28	29	30	31	32	33	34	35	37	38	39	40	41	43	44	46	47	48
3	0	1	2	3	4	5	6	7	8	9	10	11	12	13	14	15	16	17	18	19	20	21	22	23	24	25	26	27	28	29	30	31	32	33	34	35	36	37	38	39	40	41	42	43	44	45	46	47	48
0	0	1	2	3	4	6	7	9	10	11	13	15	16	17	18	19	20	21	22	23	24	26	28	29	30	31	32	33	34	35	37	38	39	40	41	43	44	46	47	48
3	0	1	2	3	4	5	6	7	8	9	10	11	12	13	14	15	16	17	18	19	20	21	22	23	24	25	26	27	28	29	30	31	32	33	34	35	36	37	38	39	40	41	42	43	44	45	46	47	48
Sonntag 11:00	MK	29.06.2025	11:00	-1	-1	
2
0	-1	-1
3	-1	-1
0	2
3	2
0	0	1	2	3	4	6	7	9	10	11	13	15	16	17	18	19	20	21	22	23	24	26	28	29	30	31	32	33	34	35	37	38	39	40	41	43	44	46	47	48
3	0	1	2	3	4	5	6	7	8	9	10	11	12	13	14	15	16	17	18	19	20	21	22	23	24	25	26	27	28	29	30	31	32	33	34	35	36	37	38	39	40	41	42	43	44	45	46	47	48
0	0	1	2	3	4	6	7	9	10	11	13	15	16	17	18	19	20	21	22	23	24	26	28	29	30	31	32	33	34	35	37	38	39	40	41	43	44	46	47	48
3	0	1	2	3	4	5	6	7	8	9	10	11	12	13	14	15	16	17	18	19	20	21	22	23	24	25	26	27	28	29	30	31	32	33	34	35	36	37	38	39	40	41	42	43	44	45	46	47	48
Dienstag 18:30	MK	01.07.2025	18:30	-1	-1	
1
3	-1	-1
3	2
3	1	2	3	4	5	6	7	8	10	12	14	15	16	17	18	19	20	21	22	23	25	26	27	28	29	30	34	35	36	38	42	43	44	45	46
3	1	2	3	4	5	6	7	8	10	12	14	15	16	17	18	19	20	21	22	23	25	26	27	28	29	30	34	35	36	38	42	43	44	45	46
Samstag 18:30	PP	05.07.2025	18:30	-1	-1	
2
0	-1	-1
3	-1	-1
0	2
3	2
0	0	1	2	3	4	6	7	9	10	11	13	15	16	17	18	19	20	21	22	23	24	26	28	29	30	31	32	33	34	35	37	38	39	40	41	43	44	46	47	48
3	0	1	2	3	4	5	6	7	8	9	10	11	12	13	14	15	16	17	18	19	20	21	22	23	24	25	26	27	28	29	30	31	32	33	34	35	36	37	38	39	40	41	42	43	44	45	46	47	48
0	0	1	2	3	4	6	7	9	10	11	13	15	16	17	18	19	20	21	22	23	24	26	28	29	30	31	32	33	34	35	37	38	39	40	41	43	44	46	47	48
3	0	1	2	3	4	5	6	7	8	9	10	11	12	13	14	15	16	17	18	19	20	21	22	23	24	25	26	27	28	29	30	31	32	33	34	35	36	37	38	39	40	41	42	43	44	45	46	47	48
Sonntag 9:00	PP	06.07.2025	09:00	-1	-1	
2
0	-1	-1
3	-1	-1
0	2
3	2
0	0	1	2	3	4	6	7	9	10	11	13	15	16	17	18	19	20	21	22	23	24	26	28	29	30	31	32	33	34	35	37	38	39	40	41	43	44	46	47	48
3	0	1	2	3	4	5	6	7	8	9	10	11	12	13	14	15	16	17	18	19	20	21	22	23	24	25	26	27	28	29	30	31	32	33	34	35	36	37	38	39	40	41	42	43	44	45	46	47	48
0	0	1	2	3	4	6	7	9	10	11	13	15	16	17	18	19	20	21	22	23	24	26	28	29	30	31	32	33	34	35	37	38	39	40	41	43	44	46	47	48
3	0	1	2	3	4	5	6	7	8	9	10	11	12	13	14	15	16	17	18	19	20	21	22	23	24	25	26	27	28	29	30	31	32	33	34	35	36	37	38	39	40	41	42	43	44	45	46	47	48
Sonntag 11:00	MK	06.07.2025	11:00	-1	-1	
2
0	-1	-1
3	-1	-1
0	2
3	2
0	0	1	2	3	4	6	7	9	10	11	13	15	16	17	18	19	20	21	22	23	24	26	28	29	30	31	32	33	34	35	37	38	39	40	41	43	44	46	47	48
3	0	1	2	3	4	5	6	7	8	9	10	11	12	13	14	15	16	17	18	19	20	21	22	23	24	25	26	27	28	29	30	31	32	33	34	35	36	37	38	39	40	41	42	43	44	45	46	47	48
0	0	1	2	3	4	6	7	9	10	11	13	15	16	17	18	19	20	21	22	23	24	26	28	29	30	31	32	33	34	35	37	38	39	40	41	43	44	46	47	48
3	0	1	2	3	4	5	6	7	8	9	10	11	12	13	14	15	16	17	18	19	20	21	22	23	24	25	26	27	28	29	30	31	32	33	34	35	36	37	38	39	40	41	42	43	44	45	46	47	48
Dienstag 18:30	MK	08.07.2025	18:30	-1	-1	
1
3	-1	-1
3	2
3	1	2	3	4	5	6	7	8	10	12	14	15	16	17	18	19	20	21	22	23	25	26	27	28	29	30	34	35	36	38	42	43	44	45	46
3	1	2	3	4	5	6	7	8	10	12	14	15	16	17	18	19	20	21	22	23	25	26	27	28	29	30	34	35	36	38	42	43	44	45	46
Samstag 18:30	PP	12.07.2025	18:30	-1	-1	
2
0	-1	-1
3	-1	-1
0	2
3	2
0	0	1	2	3	4	6	7	9	10	11	13	15	16	17	18	19	20	21	22	23	24	26	28	29	30	31	32	33	34	35	37	38	39	40	41	43	44	46	47	48
3	0	1	2	3	4	5	6	7	8	9	10	11	12	13	14	15	16	17	18	19	20	21	22	23	24	25	26	27	28	29	30	31	32	33	34	35	36	37	38	39	40	41	42	43	44	45	46	47	48
0	0	1	2	3	4	6	7	9	10	11	13	15	16	17	18	19	20	21	22	23	24	26	28	29	30	31	32	33	34	35	37	38	39	40	41	43	44	46	47	48
3	0	1	2	3	4	5	6	7	8	9	10	11	12	13	14	15	16	17	18	19	20	21	22	23	24	25	26	27	28	29	30	31	32	33	34	35	36	37	38	39	40	41	42	43	44	45	46	47	48
Sonntag 9:00	PP	13.07.2025	09:00	-1	-1	
2
0	-1	-1
3	-1	-1
0	2
3	2
0	0	1	2	3	4	6	7	9	10	11	13	15	16	17	18	19	20	21	22	23	24	26	28	29	30	31	32	33	34	35	37	38	39	40	41	43	44	46	47	48
3	0	1	2	3	4	5	6	7	8	9	10	11	12	13	14	15	16	17	18	19	20	21	22	23	24	25	26	27	28	29	30	31	32	33	34	35	36	37	38	39	40	41	42	43	44	45	46	47	48
0	0	1	2	3	4	6	7	9	10	11	13	15	16	17	18	19	20	21	22	23	24	26	28	29	30	31	32	33	34	35	37	38	39	40	41	43	44	46	47	48
3	0	1	2	3	4	5	6	7	8	9	10	11	12	13	14	15	16	17	18	19	20	21	22	23	24	25	26	27	28	29	30	31	32	33	34	35	36	37	38	39	40	41	42	43	44	45	46	47	48
Sonntag 11:00	MK	13.07.2025	11:00	-1	-1	
2
0	-1	-1
3	-1	-1
0	2
3	2
0	0	1	2	3	4	6	7	9	10	11	13	15	16	17	18	19	20	21	22	23	24	26	28	29	30	31	32	33	34	35	37	38	39	40	41	43	44	46	47	48
3	0	1	2	3	4	5	6	7	8	9	10	11	12	13	14	15	16	17	18	19	20	21	22	23	24	25	26	27	28	29	30	31	32	33	34	35	36	37	38	39	40	41	42	43	44	45	46	47	48
0	0	1	2	3	4	6	7	9	10	11	13	15	16	17	18	19	20	21	22	23	24	26	28	29	30	31	32	33	34	35	37	38	39	40	41	43	44	46	47	48
3	0	1	2	3	4	5	6	7	8	9	10	11	12	13	14	15	16	17	18	19	20	21	22	23	24	25	26	27	28	29	30	31	32	33	34	35	36	37	38	39	40	41	42	43	44	45	46	47	48
Dienstag 18:30	MK	15.07.2025	18:30	-1	-1	
1
3	-1	-1
3	2
3	1	2	3	4	5	6	7	8	10	12	14	15	16	17	18	19	20	21	22	23	25	26	27	28	29	30	34	35	36	38	42	43	44	45	46
3	1	2	3	4	5	6	7	8	10	12	14	15	16	17	18	19	20	21	22	23	25	26	27	28	29	30	34	35	36	38	42	43	44	45	46
Samstag 18:30	PP	19.07.2025	18:30	-1	-1	
2
0	-1	-1
3	-1	-1
0	2
3	2
0	0	1	2	3	4	6	7	9	10	11	13	15	16	17	18	19	20	21	22	23	24	26	28	29	30	31	32	33	34	35	37	38	39	40	41	43	44	46	47	48
3	0	1	2	3	4	5	6	7	8	9	10	11	12	13	14	15	16	17	18	19	20	21	22	23	24	25	26	27	28	29	30	31	32	33	34	35	36	37	38	39	40	41	42	43	44	45	46	47	48
0	0	1	2	3	4	6	7	9	10	11	13	15	16	17	18	19	20	21	22	23	24	26	28	29	30	31	32	33	34	35	37	38	39	40	41	43	44	46	47	48
3	0	1	2	3	4	5	6	7	8	9	10	11	12	13	14	15	16	17	18	19	20	21	22	23	24	25	26	27	28	29	30	31	32	33	34	35	36	37	38	39	40	41	42	43	44	45	46	47	48
Sonntag 9:00	PP	20.07.2025	09:00	-1	-1	
2
0	-1	-1
3	-1	-1
0	2
3	2
0	0	1	2	3	4	6	7	9	10	11	13	15	16	17	18	19	20	21	22	23	24	26	28	29	30	31	32	33	34	35	37	38	39	40	41	43	44	46	47	48
3	0	1	2	3	4	5	6	7	8	9	10	11	12	13	14	15	16	17	18	19	20	21	22	23	24	25	26	27	28	29	30	31	32	33	34	35	36	37	38	39	40	41	42	43	44	45	46	47	48
0	0	1	2	3	4	6	7	9	10	11	13	15	16	17	18	19	20	21	22	23	24	26	28	29	30	31	32	33	34	35	37	38	39	40	41	43	44	46	47	48
3	0	1	2	3	4	5	6	7	8	9	10	11	12	13	14	15	16	17	18	19	20	21	22	23	24	25	26	27	28	29	30	31	32	33	34	35	36	37	38	39	40	41	42	43	44	45	46	47	48
Sonntag 11:00	MK	20.07.2025	11:00	-1	-1	
2
0	-1	-1
3	-1	-1
0	2
3	2
0	0	1	2	3	4	6	7	9	10	11	13	15	16	17	18	19	20	21	22	23	24	26	28	29	30	31	32	33	34	35	37	38	39	40	41	43	44	46	47	48
3	0	1	2	3	4	5	6	7	8	9	10	11	12	13	14	15	16	17	18	19	20	21	22	23	24	25	26	27	28	29	30	31	32	33	34	35	36	37	38	39	40	41	42	43	44	45	46	47	48
0	0	1	2	3	4	6	7	9	10	11	13	15	16	17	18	19	20	21	22	23	24	26	28	29	30	31	32	33	34	35	37	38	39	40	41	43	44	46	47	48
3	0	1	2	3	4	5	6	7	8	9	10	11	12	13	14	15	16	17	18	19	20	21	22	23	24	25	26	27	28	29	30	31	32	33	34	35	36	37	38	39	40	41	42	43	44	45	46	47	48
Familiengottesdienst	MK	20.07.2025	11:00	-1	-1	locherer tanner schick
2
0	-1	-1
3	-1	-1
0	2
3	2
0	0	1	2	3	4	6	7	9	10	11	13	15	16	17	18	19	20	21	22	23	24	26	28	29	30	31	32	33	34	35	37	38	39	40	41	43	44	46	47	48
3	0	1	2	3	4	5	6	7	8	9	10	11	12	13	14	15	16	17	18	19	20	21	22	23	24	25	26	27	28	29	30	31	32	33	34	35	36	37	38	39	40	41	42	43	44	45	46	47	48
0	0	1	2	3	4	6	7	9	10	11	13	15	16	17	18	19	20	21	22	23	24	26	28	29	30	31	32	33	34	35	37	38	39	40	41	43	44	46	47	48
3	0	1	2	3	4	5	6	7	8	9	10	11	12	13	14	15	16	17	18	19	20	21	22	23	24	25	26	27	28	29	30	31	32	33	34	35	36	37	38	39	40	41	42	43	44	45	46	47	48
Pfarrgarten	PP	22.07.2025	11:00	-1	-1	Bei schlechtem Wetter in PP 
2
0	-1	-1
3	-1	-1	-1	-1	-1	-1
0	2
3	6
0	1	2	3	4	6	7	10	15	16	17	18	19	20	21	22	23	26	28	29	30	34	35	38	43	44	46
3	1	2	3	4	5	6	7	8	10	12	14	15	16	17	18	19	20	21	22	23	25	26	27	28	29	30	34	35	36	38	42	43	44	45	46
0	1	2	3	4	6	7	10	15	16	17	18	19	20	21	22	23	26	28	29	30	34	35	38	43	44	46
3	1	2	3	4	5	6	7	8	10	12	14	15	16	17	18	19	20	21	22	23	25	26	27	28	29	30	34	35	36	38	42	43	44	45	46
Dienstag 18:30	MK	22.07.2025	18:30	-1	-1	
1
3	-1	-1
3	2
3	1	2	3	4	5	6	7	8	10	12	14	15	16	17	18	19	20	21	22	23	25	26	27	28	29	30	34	35	36	38	42	43	44	45	46
3	1	2	3	4	5	6	7	8	10	12	14	15	16	17	18	19	20	21	22	23	25	26	27	28	29	30	34	35	36	38	42	43	44	45	46
Firmung	MK	25.07.2025	10:00	-1	-1	Probetermin nicht bekannt 
2
0	-1	-1	-1	-1
1	-1
0	4
1	1
0	0	1	2	3	4	6	7	9	10	11	13	15	16	17	18	19	20	21	22	23	24	26	28	29	30	31	32	33	34	35	37	38	39	40	41	43	44	46	47	48
1	2	9	13	31	33	46	48
0	0	1	2	3	4	6	7	9	10	11	13	15	16	17	18	19	20	21	22	23	24	26	28	29	30	31	32	33	34	35	37	38	39	40	41	43	44	46	47	48
1	2	9	13	31	33	46	48
Samstag 18:30	PP	26.07.2025	18:30	-1	-1	
2
0	-1	-1
3	-1	-1
0	2
3	2
0	0	1	2	3	4	6	7	9	10	11	13	15	16	17	18	19	20	21	22	23	24	26	28	29	30	31	32	33	34	35	37	38	39	40	41	43	44	46	47	48
3	0	1	2	3	4	5	6	7	8	9	10	11	12	13	14	15	16	17	18	19	20	21	22	23	24	25	26	27	28	29	30	31	32	33	34	35	36	37	38	39	40	41	42	43	44	45	46	47	48
0	0	1	2	3	4	6	7	9	10	11	13	15	16	17	18	19	20	21	22	23	24	26	28	29	30	31	32	33	34	35	37	38	39	40	41	43	44	46	47	48
3	0	1	2	3	4	5	6	7	8	9	10	11	12	13	14	15	16	17	18	19	20	21	22	23	24	25	26	27	28	29	30	31	32	33	34	35	36	37	38	39	40	41	42	43	44	45	46	47	48
Sonntag 9:00	PP	27.07.2025	09:00	-1	-1	
2
0	-1	-1
3	-1	-1
0	2
3	2
0	0	1	2	3	4	6	7	9	10	11	13	15	16	17	18	19	20	21	22	23	24	26	28	29	30	31	32	33	34	35	37	38	39	40	41	43	44	46	47	48
3	0	1	2	3	4	5	6	7	8	9	10	11	12	13	14	15	16	17	18	19	20	21	22	23	24	25	26	27	28	29	30	31	32	33	34	35	36	37	38	39	40	41	42	43	44	45	46	47	48
0	0	1	2	3	4	6	7	9	10	11	13	15	16	17	18	19	20	21	22	23	24	26	28	29	30	31	32	33	34	35	37	38	39	40	41	43	44	46	47	48
3	0	1	2	3	4	5	6	7	8	9	10	11	12	13	14	15	16	17	18	19	20	21	22	23	24	25	26	27	28	29	30	31	32	33	34	35	36	37	38	39	40	41	42	43	44	45	46	47	48
Sonntag 11:00	MK	27.07.2025	11:00	-1	-1	
2
0	-1	-1
3	-1	-1
0	2
3	2
0	0	1	2	3	4	6	7	9	10	11	13	15	16	17	18	19	20	21	22	23	24	26	28	29	30	31	32	33	34	35	37	38	39	40	41	43	44	46	47	48
3	0	1	2	3	4	5	6	7	8	9	10	11	12	13	14	15	16	17	18	19	20	21	22	23	24	25	26	27	28	29	30	31	32	33	34	35	36	37	38	39	40	41	42	43	44	45	46	47	48
0	0	1	2	3	4	6	7	9	10	11	13	15	16	17	18	19	20	21	22	23	24	26	28	29	30	31	32	33	34	35	37	38	39	40	41	43	44	46	47	48
3	0	1	2	3	4	5	6	7	8	9	10	11	12	13	14	15	16	17	18	19	20	21	22	23	24	25	26	27	28	29	30	31	32	33	34	35	36	37	38	39	40	41	42	43	44	45	46	47	48
Dienstag 18:30	MK	29.07.2025	18:30	-1	-1	
1
3	-1	-1
3	2
3	1	2	3	4	5	6	7	8	10	12	14	15	16	17	18	19	20	21	22	23	25	26	27	28	29	30	34	35	36	38	42	43	44	45	46
3	1	2	3	4	5	6	7	8	10	12	14	15	16	17	18	19	20	21	22	23	25	26	27	28	29	30	34	35	36	38	42	43	44	45	46
Samstag 18:30	PP	02.08.2025	18:30	-1	-1	
2
0	-1	-1
3	-1	-1
0	2
3	2
0	0	1	2	3	4	6	7	9	10	11	13	15	16	17	18	19	20	21	22	23	24	26	28	29	30	31	32	33	34	35	37	38	39	40	41	43	44	46	47	48
3	0	1	2	3	4	5	6	7	8	9	10	11	12	13	14	15	16	17	18	19	20	21	22	23	24	25	26	27	28	29	30	31	32	33	34	35	36	37	38	39	40	41	42	43	44	45	46	47	48
0	0	1	2	3	4	6	7	9	10	11	13	15	16	17	18	19	20	21	22	23	24	26	28	29	30	31	32	33	34	35	37	38	39	40	41	43	44	46	47	48
3	0	1	2	3	4	5	6	7	8	9	10	11	12	13	14	15	16	17	18	19	20	21	22	23	24	25	26	27	28	29	30	31	32	33	34	35	36	37	38	39	40	41	42	43	44	45	46	47	48
Sonntag 9:00	PP	03.08.2025	09:00	-1	-1	
2
0	-1	-1
3	-1	-1
0	2
3	2
0	0	1	2	3	4	6	7	9	10	11	13	15	16	17	18	19	20	21	22	23	24	26	28	29	30	31	32	33	34	35	37	38	39	40	41	43	44	46	47	48
3	0	1	2	3	4	5	6	7	8	9	10	11	12	13	14	15	16	17	18	19	20	21	22	23	24	25	26	27	28	29	30	31	32	33	34	35	36	37	38	39	40	41	42	43	44	45	46	47	48
0	0	1	2	3	4	6	7	9	10	11	13	15	16	17	18	19	20	21	22	23	24	26	28	29	30	31	32	33	34	35	37	38	39	40	41	43	44	46	47	48
3	0	1	2	3	4	5	6	7	8	9	10	11	12	13	14	15	16	17	18	19	20	21	22	23	24	25	26	27	28	29	30	31	32	33	34	35	36	37	38	39	40	41	42	43	44	45	46	47	48
Sonntag 11:00	MK	03.08.2025	11:00	-1	-1	
2
0	-1	-1
3	-1	-1
0	2
3	2
0	0	1	2	3	4	6	7	9	10	11	13	15	16	17	18	19	20	21	22	23	24	26	28	29	30	31	32	33	34	35	37	38	39	40	41	43	44	46	47	48
3	0	1	2	3	4	5	6	7	8	9	10	11	12	13	14	15	16	17	18	19	20	21	22	23	24	25	26	27	28	29	30	31	32	33	34	35	36	37	38	39	40	41	42	43	44	45	46	47	48
0	0	1	2	3	4	6	7	9	10	11	13	15	16	17	18	19	20	21	22	23	24	26	28	29	30	31	32	33	34	35	37	38	39	40	41	43	44	46	47	48
3	0	1	2	3	4	5	6	7	8	9	10	11	12	13	14	15	16	17	18	19	20	21	22	23	24	25	26	27	28	29	30	31	32	33	34	35	36	37	38	39	40	41	42	43	44	45	46	47	48
Dienstag 18:30	MK	05.08.2025	18:30	-1	-1	
1
3	-1	-1
3	2
3	1	2	3	4	5	6	7	8	10	12	14	15	16	17	18	19	20	21	22	23	25	26	27	28	29	30	34	35	36	38	42	43	44	45	46
3	1	2	3	4	5	6	7	8	10	12	14	15	16	17	18	19	20	21	22	23	25	26	27	28	29	30	34	35	36	38	42	43	44	45	46
Samstag 18:30	PP	09.08.2025	18:30	-1	-1	
2
0	-1	-1
3	-1	-1
0	2
3	2
0	0	1	2	3	4	6	7	9	10	11	13	15	16	17	18	19	20	21	22	23	24	26	28	29	30	31	32	33	34	35	37	38	39	40	41	43	44	46	47	48
3	0	1	2	3	4	5	6	7	8	9	10	11	12	13	14	15	16	17	18	19	20	21	22	23	24	25	26	27	28	29	30	31	32	33	34	35	36	37	38	39	40	41	42	43	44	45	46	47	48
0	0	1	2	3	4	6	7	9	10	11	13	15	16	17	18	19	20	21	22	23	24	26	28	29	30	31	32	33	34	35	37	38	39	40	41	43	44	46	47	48
3	0	1	2	3	4	5	6	7	8	9	10	11	12	13	14	15	16	17	18	19	20	21	22	23	24	25	26	27	28	29	30	31	32	33	34	35	36	37	38	39	40	41	42	43	44	45	46	47	48
Sonntag 9:00	PP	10.08.2025	09:00	-1	-1	
2
0	-1	-1
3	-1	-1
0	2
3	2
0	0	1	2	3	4	6	7	9	10	11	13	15	16	17	18	19	20	21	22	23	24	26	28	29	30	31	32	33	34	35	37	38	39	40	41	43	44	46	47	48
3	0	1	2	3	4	5	6	7	8	9	10	11	12	13	14	15	16	17	18	19	20	21	22	23	24	25	26	27	28	29	30	31	32	33	34	35	36	37	38	39	40	41	42	43	44	45	46	47	48
0	0	1	2	3	4	6	7	9	10	11	13	15	16	17	18	19	20	21	22	23	24	26	28	29	30	31	32	33	34	35	37	38	39	40	41	43	44	46	47	48
3	0	1	2	3	4	5	6	7	8	9	10	11	12	13	14	15	16	17	18	19	20	21	22	23	24	25	26	27	28	29	30	31	32	33	34	35	36	37	38	39	40	41	42	43	44	45	46	47	48
Sonntag 11:00	MK	10.08.2025	11:00	-1	-1	
2
0	-1	-1
3	-1	-1
0	2
3	2
0	0	1	2	3	4	6	7	9	10	11	13	15	16	17	18	19	20	21	22	23	24	26	28	29	30	31	32	33	34	35	37	38	39	40	41	43	44	46	47	48
3	0	1	2	3	4	5	6	7	8	9	10	11	12	13	14	15	16	17	18	19	20	21	22	23	24	25	26	27	28	29	30	31	32	33	34	35	36	37	38	39	40	41	42	43	44	45	46	47	48
0	0	1	2	3	4	6	7	9	10	11	13	15	16	17	18	19	20	21	22	23	24	26	28	29	30	31	32	33	34	35	37	38	39	40	41	43	44	46	47	48
3	0	1	2	3	4	5	6	7	8	9	10	11	12	13	14	15	16	17	18	19	20	21	22	23	24	25	26	27	28	29	30	31	32	33	34	35	36	37	38	39	40	41	42	43	44	45	46	47	48
Dienstag 18:30	MK	12.08.2025	18:30	-1	-1	
1
3	-1	-1
3	2
3	1	2	3	4	5	6	7	8	10	12	14	15	16	17	18	19	20	21	22	23	25	26	27	28	29	30	34	35	36	38	42	43	44	45	46
3	1	2	3	4	5	6	7	8	10	12	14	15	16	17	18	19	20	21	22	23	25	26	27	28	29	30	34	35	36	38	42	43	44	45	46
Maria Himmelfahrt 	MK	15.08.2025	18:30	-1	-1	noch nicht sicher 
4
0	-1	-1
2	-1	-1
3	-1	-1
4	-1	-1
0	2
2	2
3	2
4	2
0	0	1	2	3	4	6	7	9	10	11	13	15	16	17	18	19	20	21	22	23	24	26	28	29	30	31	32	33	34	35	37	38	39	40	41	43	44	46	47	48
2	1	2	9	16	17	18	22	23	24	28	31	32	33	37	38	39	40	41	43	46	47	48
3	0	1	2	3	4	5	6	7	8	9	10	11	12	13	14	15	16	17	18	19	20	21	22	23	24	25	26	27	28	29	30	31	32	33	34	35	36	37	38	39	40	41	42	43	44	45	46	47	48
4	9	32	38	39	40	46	48
0	0	1	2	3	4	6	7	9	10	11	13	15	16	17	18	19	20	21	22	23	24	26	28	29	30	31	32	33	34	35	37	38	39	40	41	43	44	46	47	48
2	1	2	9	16	17	18	22	23	24	28	31	32	33	37	38	39	40	41	43	46	47	48
3	0	1	2	3	4	5	6	7	8	9	10	11	12	13	14	15	16	17	18	19	20	21	22	23	24	25	26	27	28	29	30	31	32	33	34	35	36	37	38	39	40	41	42	43	44	45	46	47	48
4	9	32	38	39	40	46	48
Samstag 18:30	PP	16.08.2025	18:30	-1	-1	
2
0	-1	-1
3	-1	-1
0	2
3	2
0	0	1	2	3	4	6	7	9	10	11	13	15	16	17	18	19	20	21	22	23	24	26	28	29	30	31	32	33	34	35	37	38	39	40	41	43	44	46	47	48
3	0	1	2	3	4	5	6	7	8	9	10	11	12	13	14	15	16	17	18	19	20	21	22	23	24	25	26	27	28	29	30	31	32	33	34	35	36	37	38	39	40	41	42	43	44	45	46	47	48
0	0	1	2	3	4	6	7	9	10	11	13	15	16	17	18	19	20	21	22	23	24	26	28	29	30	31	32	33	34	35	37	38	39	40	41	43	44	46	47	48
3	0	1	2	3	4	5	6	7	8	9	10	11	12	13	14	15	16	17	18	19	20	21	22	23	24	25	26	27	28	29	30	31	32	33	34	35	36	37	38	39	40	41	42	43	44	45	46	47	48
Sonntag 9:00	PP	17.08.2025	09:00	-1	-1	
2
0	-1	-1
3	-1	-1
0	2
3	2
0	0	1	2	3	4	6	7	9	10	11	13	15	16	17	18	19	20	21	22	23	24	26	28	29	30	31	32	33	34	35	37	38	39	40	41	43	44	46	47	48
3	0	1	2	3	4	5	6	7	8	9	10	11	12	13	14	15	16	17	18	19	20	21	22	23	24	25	26	27	28	29	30	31	32	33	34	35	36	37	38	39	40	41	42	43	44	45	46	47	48
0	0	1	2	3	4	6	7	9	10	11	13	15	16	17	18	19	20	21	22	23	24	26	28	29	30	31	32	33	34	35	37	38	39	40	41	43	44	46	47	48
3	0	1	2	3	4	5	6	7	8	9	10	11	12	13	14	15	16	17	18	19	20	21	22	23	24	25	26	27	28	29	30	31	32	33	34	35	36	37	38	39	40	41	42	43	44	45	46	47	48
Sonntag 11:00	MK	17.08.2025	11:00	-1	-1	
2
0	-1	-1
3	-1	-1
0	2
3	2
0	0	1	2	3	4	6	7	9	10	11	13	15	16	17	18	19	20	21	22	23	24	26	28	29	30	31	32	33	34	35	37	38	39	40	41	43	44	46	47	48
3	0	1	2	3	4	5	6	7	8	9	10	11	12	13	14	15	16	17	18	19	20	21	22	23	24	25	26	27	28	29	30	31	32	33	34	35	36	37	38	39	40	41	42	43	44	45	46	47	48
0	0	1	2	3	4	6	7	9	10	11	13	15	16	17	18	19	20	21	22	23	24	26	28	29	30	31	32	33	34	35	37	38	39	40	41	43	44	46	47	48
3	0	1	2	3	4	5	6	7	8	9	10	11	12	13	14	15	16	17	18	19	20	21	22	23	24	25	26	27	28	29	30	31	32	33	34	35	36	37	38	39	40	41	42	43	44	45	46	47	48
Dienstag 18:30	MK	19.08.2025	18:30	-1	-1	
1
3	-1	-1
3	2
3	1	2	3	4	5	6	7	8	10	12	14	15	16	17	18	19	20	21	22	23	25	26	27	28	29	30	34	35	36	38	42	43	44	45	46
3	1	2	3	4	5	6	7	8	10	12	14	15	16	17	18	19	20	21	22	23	25	26	27	28	29	30	34	35	36	38	42	43	44	45	46
Samstag 18:30	PP	23.08.2025	18:30	-1	-1	
2
0	-1	-1
3	-1	-1
0	2
3	2
0	0	1	2	3	4	6	7	9	10	11	13	15	16	17	18	19	20	21	22	23	24	26	28	29	30	31	32	33	34	35	37	38	39	40	41	43	44	46	47	48
3	0	1	2	3	4	5	6	7	8	9	10	11	12	13	14	15	16	17	18	19	20	21	22	23	24	25	26	27	28	29	30	31	32	33	34	35	36	37	38	39	40	41	42	43	44	45	46	47	48
0	0	1	2	3	4	6	7	9	10	11	13	15	16	17	18	19	20	21	22	23	24	26	28	29	30	31	32	33	34	35	37	38	39	40	41	43	44	46	47	48
3	0	1	2	3	4	5	6	7	8	9	10	11	12	13	14	15	16	17	18	19	20	21	22	23	24	25	26	27	28	29	30	31	32	33	34	35	36	37	38	39	40	41	42	43	44	45	46	47	48
Sonntag 9:00	PP	24.08.2025	09:00	-1	-1	
2
0	-1	-1
3	-1	-1
0	2
3	2
0	0	1	2	3	4	6	7	9	10	11	13	15	16	17	18	19	20	21	22	23	24	26	28	29	30	31	32	33	34	35	37	38	39	40	41	43	44	46	47	48
3	0	1	2	3	4	5	6	7	8	9	10	11	12	13	14	15	16	17	18	19	20	21	22	23	24	25	26	27	28	29	30	31	32	33	34	35	36	37	38	39	40	41	42	43	44	45	46	47	48
0	0	1	2	3	4	6	7	9	10	11	13	15	16	17	18	19	20	21	22	23	24	26	28	29	30	31	32	33	34	35	37	38	39	40	41	43	44	46	47	48
3	0	1	2	3	4	5	6	7	8	9	10	11	12	13	14	15	16	17	18	19	20	21	22	23	24	25	26	27	28	29	30	31	32	33	34	35	36	37	38	39	40	41	42	43	44	45	46	47	48
Sonntag 11:00	MK	24.08.2025	11:00	-1	-1	
2
0	-1	-1
3	-1	-1
0	2
3	2
0	0	1	2	3	4	6	7	9	10	11	13	15	16	17	18	19	20	21	22	23	24	26	28	29	30	31	32	33	34	35	37	38	39	40	41	43	44	46	47	48
3	0	1	2	3	4	5	6	7	8	9	10	11	12	13	14	15	16	17	18	19	20	21	22	23	24	25	26	27	28	29	30	31	32	33	34	35	36	37	38	39	40	41	42	43	44	45	46	47	48
0	0	1	2	3	4	6	7	9	10	11	13	15	16	17	18	19	20	21	22	23	24	26	28	29	30	31	32	33	34	35	37	38	39	40	41	43	44	46	47	48
3	0	1	2	3	4	5	6	7	8	9	10	11	12	13	14	15	16	17	18	19	20	21	22	23	24	25	26	27	28	29	30	31	32	33	34	35	36	37	38	39	40	41	42	43	44	45	46	47	48
Dienstag 18:30	MK	26.08.2025	18:30	-1	-1	
1
3	-1	-1
3	2
3	1	2	3	4	5	6	7	8	10	12	14	15	16	17	18	19	20	21	22	23	25	26	27	28	29	30	34	35	36	38	42	43	44	45	46
3	1	2	3	4	5	6	7	8	10	12	14	15	16	17	18	19	20	21	22	23	25	26	27	28	29	30	34	35	36	38	42	43	44	45	46
Samstag 18:30	PP	30.08.2025	18:30	-1	-1	
2
0	-1	-1
3	-1	-1
0	2
3	2
0	0	1	2	3	4	6	7	9	10	11	13	15	16	17	18	19	20	21	22	23	24	26	28	29	30	31	32	33	34	35	37	38	39	40	41	43	44	46	47	48
3	0	1	2	3	4	5	6	7	8	9	10	11	12	13	14	15	16	17	18	19	20	21	22	23	24	25	26	27	28	29	30	31	32	33	34	35	36	37	38	39	40	41	42	43	44	45	46	47	48
0	0	1	2	3	4	6	7	9	10	11	13	15	16	17	18	19	20	21	22	23	24	26	28	29	30	31	32	33	34	35	37	38	39	40	41	43	44	46	47	48
3	0	1	2	3	4	5	6	7	8	9	10	11	12	13	14	15	16	17	18	19	20	21	22	23	24	25	26	27	28	29	30	31	32	33	34	35	36	37	38	39	40	41	42	43	44	45	46	47	48
Sonntag 9:00	PP	31.08.2025	09:00	-1	-1	
2
0	-1	-1
3	-1	-1
0	2
3	2
0	0	1	2	3	4	6	7	9	10	11	13	15	16	17	18	19	20	21	22	23	24	26	28	29	30	31	32	33	34	35	37	38	39	40	41	43	44	46	47	48
3	0	1	2	3	4	5	6	7	8	9	10	11	12	13	14	15	16	17	18	19	20	21	22	23	24	25	26	27	28	29	30	31	32	33	34	35	36	37	38	39	40	41	42	43	44	45	46	47	48
0	0	1	2	3	4	6	7	9	10	11	13	15	16	17	18	19	20	21	22	23	24	26	28	29	30	31	32	33	34	35	37	38	39	40	41	43	44	46	47	48
3	0	1	2	3	4	5	6	7	8	9	10	11	12	13	14	15	16	17	18	19	20	21	22	23	24	25	26	27	28	29	30	31	32	33	34	35	36	37	38	39	40	41	42	43	44	45	46	47	48
Sonntag 11:00	MK	31.08.2025	11:00	-1	-1	
2
0	-1	-1
3	-1	-1
0	2
3	2
0	0	1	2	3	4	6	7	9	10	11	13	15	16	17	18	19	20	21	22	23	24	26	28	29	30	31	32	33	34	35	37	38	39	40	41	43	44	46	47	48
3	0	1	2	3	4	5	6	7	8	9	10	11	12	13	14	15	16	17	18	19	20	21	22	23	24	25	26	27	28	29	30	31	32	33	34	35	36	37	38	39	40	41	42	43	44	45	46	47	48
0	0	1	2	3	4	6	7	9	10	11	13	15	16	17	18	19	20	21	22	23	24	26	28	29	30	31	32	33	34	35	37	38	39	40	41	43	44	46	47	48
3	0	1	2	3	4	5	6	7	8	9	10	11	12	13	14	15	16	17	18	19	20	21	22	23	24	25	26	27	28	29	30	31	32	33	34	35	36	37	38	39	40	41	42	43	44	45	46	47	48
