Sonntag 9:00	PP	01.06.2025	09:00	-1	-1	
2
0	40	39
3	31	0
0	2
3	2
0	0	1	2	3	4	6	8	9	10	12	14	15	16	17	18	19	20	21	22	23	25	27	28	29	30	31	32	33	34	36	37	38	39	40	42	43	45	46	47
3	0	1	2	3	4	5	6	7	8	9	10	11	12	13	14	15	16	17	18	19	20	21	22	23	24	25	26	27	28	29	30	31	32	33	34	35	36	37	38	39	40	41	42	43	44	45	46	47
0	1	2	3	4	6	8	9	10	12	14	15	16	17	18	19	20	21	22	23	25	27	28	29	30	32	33	34	36	37	38	42	43	45	46	47
3	1	2	3	4	5	6	7	8	9	10	11	12	13	14	15	16	17	18	19	20	21	22	23	24	25	26	27	28	29	30	32	33	34	35	36	37	38	41	42	43	44	45	46	47
Sonntag 11:00	MK	01.06.2025	11:00	-1	-1	
2
0	33	27
3	4	3
0	2
3	2
0	0	1	2	3	4	6	8	9	10	12	14	15	16	17	18	19	20	21	22	23	25	27	28	29	30	31	32	33	34	36	37	38	39	40	42	43	45	46	47
3	0	1	2	3	4	5	6	7	8	9	10	11	12	13	14	15	16	17	18	19	20	21	22	23	24	25	26	27	28	29	30	31	32	33	34	35	36	37	38	39	40	41	42	43	44	45	46	47
0	0	1	2	6	8	9	10	12	14	15	16	17	18	19	20	21	22	23	25	28	29	30	31	32	34	36	37	38	39	40	42	43	45	46	47
3	0	1	2	5	6	7	8	9	10	11	12	13	14	15	16	17	18	19	20	21	22	23	24	25	26	28	29	30	31	32	34	35	36	37	38	39	40	41	42	43	44	45	46	47
Dienstag 18:30	MK	03.06.2025	18:30	-1	-1	
1
3	19	18
3	2
3	1	2	3	4	5	6	7	9	11	13	14	15	16	17	18	19	20	21	22	24	25	26	27	28	29	33	34	35	37	41	42	43	44	45
3	1	2	3	4	5	6	7	9	11	13	14	15	16	17	20	21	22	24	25	26	27	28	29	33	34	35	37	41	42	43	44	45
Samstag 18:30	PP	07.06.2025	18:30	-1	-1	
2
0	1	45
3	25	2
0	2
3	2
0	0	1	2	3	4	6	8	9	10	12	14	15	16	17	18	19	20	21	22	23	25	27	28	29	30	31	32	33	34	36	37	38	39	40	42	43	45	46	47
3	0	1	2	3	4	5	6	7	8	9	10	11	12	13	14	15	16	17	18	19	20	21	22	23	24	25	26	27	28	29	30	31	32	33	34	35	36	37	38	39	40	41	42	43	44	45	46	47
0	0	3	4	6	8	9	10	12	14	15	16	17	18	19	20	21	22	23	27	28	29	30	31	32	33	34	36	37	38	39	40	42	43	46	47
3	0	3	4	5	6	7	8	9	10	11	12	13	14	15	16	17	18	19	20	21	22	23	24	26	27	28	29	30	31	32	33	34	35	36	37	38	39	40	41	42	43	44	46	47
Pfingstsonntag	PP	08.06.2025	09:00	-1	-1	
4
0	14	43
2	30	15
3	24	32	9	36	23	12
4	31	47
0	2
2	2
3	6
4	2
0	0	1	2	3	4	6	8	9	10	12	14	15	16	17	18	19	20	21	22	23	25	27	28	29	30	31	32	33	34	36	37	38	39	40	42	43	46	47
2	1	2	8	15	16	17	21	22	23	27	30	31	32	36	37	38	39	40	42	46	47
3	0	1	2	3	4	5	6	7	8	9	10	11	12	13	14	15	16	17	18	19	20	21	22	23	24	25	26	27	28	29	30	31	32	33	34	35	36	37	38	39	40	41	42	43	44	46	47
4	8	31	37	39	47
0	0	1	2	3	4	6	8	10	16	17	18	19	20	21	22	25	27	28	29	33	34	37	38	39	40	42	46
2	1	2	8	16	17	21	22	27	37	38	39	40	42	46
3	0	1	2	3	4	5	6	7	8	10	11	13	16	17	18	19	20	21	22	25	26	27	28	29	33	34	35	37	38	39	40	41	42	44	46
4	8	37	39
Sonntag 11:00	MK	08.06.2025	11:00	-1	-1	
2
0	38	37
3	20	46
0	2
3	2
0	0	1	2	3	4	6	8	9	10	12	14	15	16	17	18	19	20	21	22	23	25	27	28	29	30	31	32	33	34	36	37	38	39	40	42	43	46	47
3	0	1	2	3	4	5	6	7	8	9	10	11	12	13	14	15	16	17	18	19	20	21	22	23	24	25	26	27	28	29	30	31	32	33	34	35	36	37	38	39	40	41	42	43	44	46	47
0	0	1	2	3	4	6	8	9	10	12	14	15	16	17	18	19	21	22	23	25	27	28	29	30	31	32	33	34	36	39	40	42	43	47
3	0	1	2	3	4	5	6	7	8	9	10	11	12	13	14	15	16	17	18	19	21	22	23	24	25	26	27	28	29	30	31	32	33	34	35	36	39	40	41	42	43	44	47
Vesper	PP	08.06.2025	19:00	-1	-1	
2
3	17	13
4	31	45
3	2
4	2
3	1	2	3	4	5	6	7	9	11	13	14	15	16	17	18	19	20	21	22	24	25	26	27	28	29	33	34	35	41	42	43	44
4	8	31	37	39	45	47
3	1	2	3	4	5	6	7	9	11	14	15	16	18	19	20	21	22	24	25	26	27	28	29	33	34	35	41	42	43	44
4	8	37	39	47
Pfingstmontag	PP	09.06.2025	09:00	-1	-1	
2
0	33	34
3	12	20
0	2
3	2
0	0	1	2	3	4	6	8	9	10	12	14	15	16	17	18	19	20	21	22	23	25	27	28	29	30	31	32	33	34	36	39	40	42	43	45	46	47
3	0	1	2	3	4	5	6	7	8	9	10	11	12	13	14	15	16	17	18	19	20	21	22	23	24	25	26	27	28	29	30	31	32	33	34	35	36	39	40	41	42	43	44	45	46	47
0	0	1	2	3	4	6	8	9	10	14	15	16	17	18	19	21	22	23	25	27	28	29	30	31	32	36	39	40	42	43	45	46	47
3	0	1	2	3	4	5	6	7	8	9	10	11	13	14	15	16	17	18	19	21	22	23	24	25	26	27	28	29	30	31	32	35	36	39	40	41	42	43	44	45	46	47
Samstag 18:30	PP	14.06.2025	18:30	-1	-1	
2
0	28	6
3	29	5
0	2
3	2
0	0	1	2	3	4	6	8	9	10	12	14	15	16	17	18	19	20	21	22	23	25	27	28	29	30	31	32	33	34	36	39	40	42	43	46	47
3	0	1	2	3	4	5	6	7	8	9	10	11	12	13	14	15	16	17	18	19	20	21	22	23	24	25	26	27	28	29	30	31	32	33	34	35	36	39	40	41	42	43	44	46	47
0	0	1	2	3	4	8	9	10	12	14	15	16	17	18	19	20	21	22	23	25	27	30	31	32	33	34	36	39	40	42	43	46	47
3	0	1	2	3	4	7	8	9	10	11	12	13	14	15	16	17	18	19	20	21	22	23	24	25	26	27	30	31	32	33	34	35	36	39	40	41	42	43	44	46	47
Sonntag 9:00	PP	15.06.2025	09:00	-1	-1	
2
0	22	21
3	8	7
0	2
3	2
0	0	1	2	3	4	6	8	9	10	12	14	15	16	17	18	19	20	21	22	23	25	27	28	29	30	31	32	33	34	36	39	40	42	43	45	46	47
3	0	1	2	3	4	5	6	7	8	9	10	11	12	13	14	15	16	17	18	19	20	21	22	23	24	25	26	27	28	29	30	31	32	33	34	35	36	39	40	41	42	43	44	45	46	47
0	0	1	2	3	4	6	9	10	12	14	15	16	17	18	19	20	23	25	27	28	29	30	31	32	33	34	36	39	40	42	43	45	46	47
3	0	1	2	3	4	5	6	9	10	11	12	13	14	15	16	17	18	19	20	23	24	25	26	27	28	29	30	31	32	33	34	35	36	39	40	41	42	43	44	45	46	47
Sonntag 11:00	MK	15.06.2025	11:00	-1	-1	
2
0	16	10
3	34	47
0	2
3	2
0	0	1	2	3	4	6	8	9	10	12	14	15	16	17	18	19	20	21	22	23	25	27	28	29	30	31	32	33	34	36	39	40	42	43	45	46	47
3	0	1	2	3	4	5	6	7	8	9	10	11	12	13	14	15	16	17	18	19	20	21	22	23	24	25	26	27	28	29	30	31	32	33	34	35	36	39	40	41	42	43	44	45	46	47
0	0	1	2	3	4	6	8	9	12	14	15	17	18	19	20	21	22	23	25	27	28	29	30	31	32	33	36	39	40	42	43	45	46
3	0	1	2	3	4	5	6	7	8	9	11	12	13	14	15	17	18	19	20	21	22	23	24	25	26	27	28	29	30	31	32	33	35	36	39	40	41	42	43	44	45	46
Dienstag 18:30	MK	17.06.2025	18:30	-1	-1	
1
3	44	41
3	2
3	1	2	3	4	5	6	7	9	11	13	14	15	16	17	18	19	20	21	22	24	25	26	27	28	29	33	34	35	41	42	43	44
3	1	2	3	4	5	6	7	9	11	13	14	15	16	17	18	19	20	21	22	24	25	26	27	28	29	33	34	35	42	43
Fronleichnahm	PP	19.06.2025	09:00	-1	-1	
4
0	1	42
2	32	46	30	36	23	2
3	43	20	18	11	26	19	35	12
4	47	31
0	2
2	6
3	8
4	2
0	0	1	2	3	4	6	8	9	10	12	14	15	16	17	18	19	20	21	22	23	25	27	28	29	30	31	32	33	34	36	39	40	42	43	46	47
2	1	2	8	15	16	17	21	22	23	27	30	31	32	36	39	40	42	46	47
3	0	1	2	3	4	5	6	7	8	9	10	11	12	13	14	15	16	17	18	19	20	21	22	23	24	25	26	27	28	29	30	31	32	33	34	35	36	39	40	41	42	43	44	46	47
4	8	31	39	47
0	0	3	4	6	8	9	10	14	15	16	17	21	22	25	27	28	29	33	34	39	40
2	8	15	16	17	21	22	27	39	40
3	0	3	4	5	6	7	8	9	10	13	14	15	16	17	21	22	24	25	27	28	29	33	34	39	40	41	44
4	8	39
Samstag 18:30	PP	21.06.2025	18:30	-1	-1	
2
0	15	14
3	4	3
0	2
3	2
0	0	1	2	3	4	6	8	9	10	12	14	15	16	17	18	19	20	21	22	23	25	27	28	29	30	31	32	33	34	36	39	40	42	43	45	46	47
3	0	1	2	3	4	5	6	7	8	9	10	11	12	13	14	15	16	17	18	19	20	21	22	23	24	25	26	27	28	29	30	31	32	33	34	35	36	39	40	41	42	43	44	45	46	47
0	0	1	2	6	8	9	10	12	16	17	18	19	20	21	22	23	25	27	28	29	30	31	32	33	34	36	39	40	42	43	45	46	47
3	0	1	2	5	6	7	8	9	10	11	12	13	16	17	18	19	20	21	22	23	24	25	26	27	28	29	30	31	32	33	34	35	36	39	40	41	42	43	44	45	46	47
Sonntag 9:00	MK	22.06.2025	09:00	-1	-1	
2
0	25	33
3	45	17
0	2
3	2
0	0	1	2	3	4	6	8	9	10	12	14	15	16	17	18	19	20	21	22	23	25	27	28	29	30	31	32	33	34	36	39	40	42	43	45	46	47
3	0	1	2	3	4	5	6	7	8	9	10	11	12	13	14	15	16	17	18	19	20	21	22	23	24	25	26	27	28	29	30	31	32	33	34	35	36	39	40	41	42	43	44	45	46	47
0	0	1	2	3	4	6	8	9	10	12	14	15	16	18	19	20	21	22	23	27	28	29	30	31	32	34	36	39	40	42	43	46	47
3	0	1	2	3	4	5	6	7	8	9	10	11	12	13	14	15	16	18	19	20	21	22	23	24	26	27	28	29	30	31	32	34	35	36	39	40	41	42	43	44	46	47
Pfarrgarten	PP	22.06.2025	11:00	-1	-1	Pfarrgarten
2
0	6	43
3	10	5	4	3	19	18
0	2
3	6
0	0	1	2	3	4	6	8	9	10	12	14	15	16	17	18	19	20	21	22	23	25	27	28	29	30	31	32	33	34	36	39	40	42	43	45	46	47
3	0	1	2	3	4	5	6	7	8	9	10	11	12	13	14	15	16	17	18	19	20	21	22	23	24	25	26	27	28	29	30	31	32	33	34	35	36	39	40	41	42	43	44	45	46	47
0	0	1	2	8	9	12	14	15	16	17	20	21	22	23	25	27	28	29	30	31	32	33	34	36	39	40	42	45	46	47
3	0	1	2	7	8	9	11	12	13	14	15	16	17	20	21	22	23	24	25	26	27	28	29	30	31	32	33	34	35	36	39	40	41	42	44	45	46	47
Dienstag 18:30	MK	24.06.2025	18:30	-1	-1	
1
3	22	21
3	2
3	1	2	3	4	5	6	7	9	11	13	14	15	16	17	18	19	20	21	22	24	25	26	27	28	29	33	34	35	37	41	42	43	44	45
3	1	2	3	4	5	6	7	9	11	13	14	15	16	17	18	19	20	24	25	26	27	28	29	33	34	35	37	41	42	43	44	45
Samstag 18:30	PP	28.06.2025	18:30	-1	-1	
2
0	28	0
3	13	29
0	2
3	2
0	0	1	2	3	4	6	8	9	10	12	14	15	16	17	18	19	20	21	22	23	25	27	28	29	30	31	32	33	34	36	39	40	42	43	45	46	47
3	0	1	2	3	4	5	6	7	8	9	10	11	12	13	14	15	16	17	18	19	20	21	22	23	24	25	26	27	28	29	30	31	32	33	34	35	36	39	40	41	42	43	44	45	46	47
0	1	2	3	4	6	8	9	10	12	14	15	16	17	18	19	20	21	22	23	25	27	30	31	32	33	34	36	39	40	42	43	45	46	47
3	1	2	3	4	5	6	7	8	9	10	11	12	14	15	16	17	18	19	20	21	22	23	24	25	26	27	30	31	32	33	34	35	36	39	40	41	42	43	44	45	46	47
Patrozinium/ Heimatfest	PP	29.06.2025	09:00	-1	-1	
4
0	10	20
2	16	30
3	9	32	7	8	35	41	34	11	26	44	24	47
4	31	45
0	2
2	2
3	12
4	2
0	0	1	2	3	4	6	8	9	10	12	14	15	16	17	18	19	20	21	22	23	25	27	28	29	30	31	32	33	34	36	39	40	42	43	45	46	47
2	1	2	8	15	16	17	21	22	23	27	30	31	32	36	39	40	42	45	46	47
3	0	1	2	3	4	5	6	7	8	9	10	11	12	13	14	15	16	17	18	19	20	21	22	23	24	25	26	27	28	29	30	31	32	33	34	35	36	39	40	41	42	43	44	45	46	47
4	8	31	39	45	47
0	0	1	2	3	4	6	12	14	15	17	18	19	21	22	23	25	27	28	29	33	36	39	40	42	43	46
2	1	2	15	17	21	22	23	27	36	39	40	42	46
3	0	1	2	3	4	5	6	12	13	14	15	17	18	19	21	22	23	25	27	28	29	33	36	39	40	42	43	46
4	39
Dienstag 18:30	MK	01.07.2025	18:30	-1	-1	
1
3	27	43
3	2
3	1	2	3	4	5	6	7	9	11	13	14	15	16	17	18	19	20	21	22	24	25	26	27	28	29	33	34	35	37	41	42	43	44	45
3	1	2	3	4	5	6	7	9	11	13	14	15	16	17	18	19	20	21	22	24	25	26	28	29	33	34	35	37	41	42	44	45
Termin nach Miniausflug	PP	05.07.2025	18:30	-1	-1	die einteilen, die nicht beim Miniausflug sind
0
Gemeindewallfahrt	PP	06.07.2025	09:00	-1	-1	
2
0	38	37
3	22	21
0	2
3	2
0	0	1	2	3	4	6	8	9	10	12	14	15	16	17	18	19	20	21	22	23	25	27	28	29	30	31	32	33	34	36	37	38	39	40	42	43	45	46	47
3	0	1	2	3	4	5	6	7	8	9	10	11	12	13	14	15	16	17	18	19	20	21	22	23	24	25	26	27	28	29	30	31	32	33	34	35	36	37	38	39	40	41	42	43	44	45	46	47
0	0	1	2	3	4	6	8	9	10	12	14	15	16	17	18	19	20	23	25	27	28	29	30	31	32	33	34	36	39	40	42	43	45	46	47
3	0	1	2	3	4	5	6	7	8	9	10	11	12	13	14	15	16	17	18	19	20	23	24	25	26	27	28	29	30	31	32	33	34	35	36	39	40	41	42	43	44	45	46	47
Sonntag 11:00	MK	06.07.2025	11:00	-1	-1	
2
0	4	3
3	42	41
0	2
3	2
0	0	1	2	3	4	6	8	9	10	12	14	15	16	17	18	19	20	21	22	23	25	27	28	29	30	31	32	33	34	36	37	38	39	40	42	43	45	46	47
3	0	1	2	3	4	5	6	7	8	9	10	11	12	13	14	15	16	17	18	19	20	21	22	23	24	25	26	27	28	29	30	31	32	33	34	35	36	37	38	39	40	41	42	43	44	45	46	47
0	0	1	2	6	8	9	10	12	14	15	16	17	18	19	20	21	22	23	25	27	28	29	30	31	32	33	34	36	37	38	39	40	43	45	46	47
3	0	1	2	5	6	7	8	9	10	11	12	13	14	15	16	17	18	19	20	21	22	23	24	25	26	27	28	29	30	31	32	33	34	35	36	37	38	39	40	43	44	45	46	47
Dienstag 18:30	MK	08.07.2025	18:30	-1	-1	
1
3	19	18
3	2
3	1	2	3	4	5	6	7	9	11	13	14	15	16	17	18	19	20	21	22	24	25	26	27	28	29	33	34	35	37	41	42	43	44	45
3	1	2	3	4	5	6	7	9	11	13	14	15	16	17	20	21	22	24	25	26	27	28	29	33	34	35	37	41	42	43	44	45
Samstag 18:30	PP	12.07.2025	18:30	-1	-1	
2
0	1	6
3	2	5
0	2
3	2
0	0	1	2	3	4	6	8	9	10	12	14	15	16	17	18	19	20	21	22	23	25	27	28	29	30	31	32	33	34	36	37	38	39	40	42	43	45	46	47
3	0	1	2	3	4	5	6	7	8	9	10	11	12	13	14	15	16	17	18	19	20	21	22	23	24	25	26	27	28	29	30	31	32	33	34	35	36	37	38	39	40	41	42	43	44	45	46	47
0	0	3	4	8	9	10	12	14	15	16	17	18	19	20	21	22	23	25	27	28	29	30	31	32	33	34	36	37	38	39	40	42	43	45	46	47
3	0	3	4	7	8	9	10	11	12	13	14	15	16	17	18	19	20	21	22	23	24	25	26	27	28	29	30	31	32	33	34	35	36	37	38	39	40	41	42	43	44	45	46	47
Sonntag 9:00	PP	13.07.2025	09:00	-1	-1	
2
0	23	45
3	0	11
0	2
3	2
0	0	1	2	3	4	6	8	9	10	12	14	15	16	17	18	19	20	21	22	23	25	27	28	29	30	31	32	33	34	36	37	38	39	40	42	43	45	46	47
3	0	1	2	3	4	5	6	7	8	9	10	11	12	13	14	15	16	17	18	19	20	21	22	23	24	25	26	27	28	29	30	31	32	33	34	35	36	37	38	39	40	41	42	43	44	45	46	47
0	1	2	3	4	6	8	9	10	12	14	15	16	17	18	19	20	21	22	25	27	28	29	30	31	32	33	34	36	37	38	39	40	42	43	46	47
3	1	2	3	4	5	6	7	8	9	10	12	13	14	15	16	17	18	19	20	21	22	24	25	26	27	28	29	30	31	32	33	34	35	36	37	38	39	40	41	42	43	44	46	47
Sonntag 11:00	MK	13.07.2025	11:00	-1	-1	
2
0	29	28
3	9	25
0	2
3	2
0	0	1	2	3	4	6	8	9	10	12	14	15	16	17	18	19	20	21	22	23	25	27	28	29	30	31	32	33	34	36	37	38	39	40	42	43	45	46	47
3	0	1	2	3	4	5	6	7	8	9	10	11	12	13	14	15	16	17	18	19	20	21	22	23	24	25	26	27	28	29	30	31	32	33	34	35	36	37	38	39	40	41	42	43	44	45	46	47
0	0	1	2	3	4	6	8	10	12	14	15	16	17	18	19	20	21	22	23	27	30	31	32	33	34	36	37	38	39	40	42	43	45	46	47
3	0	1	2	3	4	5	6	7	8	10	11	12	13	14	15	16	17	18	19	20	21	22	23	24	26	27	30	31	32	33	34	35	36	37	38	39	40	41	42	43	44	45	46	47
Dienstag 18:30	MK	15.07.2025	18:30	-1	-1	
1
3	16	35
3	2
3	1	2	3	4	5	6	7	9	11	13	14	15	16	17	18	19	20	21	22	24	25	26	27	28	29	33	34	35	37	41	42	43	44	45
3	1	2	3	4	5	6	7	9	11	13	14	15	17	18	19	20	21	22	24	25	26	27	28	29	33	34	37	41	42	43	44	45
Samstag 18:30	PP	19.07.2025	18:30	-1	-1	
2
0	40	39
3	26	10
0	2
3	2
0	0	1	2	3	4	6	8	9	10	12	14	15	16	17	18	19	20	21	22	23	25	27	28	29	30	31	32	33	34	36	37	38	39	40	42	43	45	46	47
3	0	1	2	3	4	5	6	7	8	9	10	11	12	13	14	15	16	17	18	19	20	21	22	23	24	25	26	27	28	29	30	31	32	33	34	35	36	37	38	39	40	41	42	43	44	45	46	47
0	0	1	2	3	4	6	8	9	12	14	15	16	17	18	19	20	21	22	23	25	27	28	29	30	31	32	33	34	36	37	38	42	43	45	46	47
3	0	1	2	3	4	5	6	7	8	9	11	12	13	14	15	16	17	18	19	20	21	22	23	24	25	27	28	29	30	31	32	33	34	35	36	37	38	41	42	43	44	45	46	47
Sonntag 9:00	PP	20.07.2025	09:00	-1	-1	
2
0	38	37
3	8	7
0	2
3	2
0	0	1	2	3	4	6	8	9	10	12	14	15	16	17	18	19	20	21	22	23	25	27	28	29	30	31	32	33	34	36	37	38	39	40	42	43	45	46	47
3	0	1	2	3	4	5	6	7	8	9	10	11	12	13	14	15	16	17	18	19	20	21	22	23	24	25	26	27	28	29	30	31	32	33	34	35	36	37	38	39	40	41	42	43	44	45	46	47
0	0	1	2	3	4	6	9	10	12	14	15	16	17	18	19	20	21	22	23	25	27	28	29	30	31	32	33	34	36	39	40	42	43	45	46	47
3	0	1	2	3	4	5	6	9	10	11	12	13	14	15	16	17	18	19	20	21	22	23	24	25	26	27	28	29	30	31	32	33	34	35	36	39	40	41	42	43	44	45	46	47
Familiengottesdienst	MK	20.07.2025	11:00	-1	-1	
2
0	46	32
3	15	14	22	21	40	39
0	2
3	6
0	0	1	2	3	4	6	8	9	10	12	14	15	16	17	18	19	20	21	22	23	25	27	28	29	30	31	32	33	34	36	37	38	39	40	42	43	45	46	47
3	0	1	2	3	4	5	6	7	8	9	10	11	12	13	14	15	16	17	18	19	20	21	22	23	24	25	26	27	28	29	30	31	32	33	34	35	36	37	38	39	40	41	42	43	44	45	46	47
0	0	1	2	3	4	6	8	9	10	12	16	17	18	19	20	23	25	27	28	29	30	31	33	34	36	37	38	42	43	45	47
3	0	1	2	3	4	5	6	7	8	9	10	11	12	13	16	17	18	19	20	23	24	25	26	27	28	29	30	31	33	34	35	36	37	38	41	42	43	44	45	47
Dienstag 18:30	MK	22.07.2025	18:30	-1	-1	
1
3	24	13
3	2
3	1	2	3	4	5	6	7	9	11	13	14	15	16	17	18	19	20	21	22	24	25	26	27	28	29	33	34	35	37	41	42	43	44	45
3	1	2	3	4	5	6	7	9	11	14	15	16	17	18	19	20	21	22	25	26	27	28	29	33	34	35	37	41	42	43	44	45
Samstag 18:30	PP	26.07.2025	18:30	-1	-1	
2
0	27	17
3	16	44
0	2
3	2
0	0	1	2	3	4	6	8	9	10	12	14	15	16	17	18	19	20	21	22	23	25	27	28	29	30	31	32	33	34	36	37	38	39	40	42	43	45	46	47
3	0	1	2	3	4	5	6	7	8	9	10	11	12	13	14	15	16	17	18	19	20	21	22	23	24	25	26	27	28	29	30	31	32	33	34	35	36	37	38	39	40	41	42	43	44	45	46	47
0	0	1	2	3	4	6	8	9	10	12	14	15	18	19	20	21	22	23	25	28	29	30	31	32	33	34	36	37	38	39	40	42	43	45	46	47
3	0	1	2	3	4	5	6	7	8	9	10	11	12	13	14	15	18	19	20	21	22	23	24	25	26	28	29	30	31	32	33	34	35	36	37	38	39	40	41	42	43	45	46	47
Sonntag 9:00	PP	27.07.2025	09:00	-1	-1	
2
0	0	9
3	4	3
0	2
3	2
0	0	1	2	3	4	6	8	9	10	12	14	15	16	17	18	19	20	21	22	23	25	27	28	29	30	31	32	33	34	36	37	38	39	40	42	43	46	47
3	0	1	2	3	4	5	6	7	8	9	10	11	12	13	14	15	16	17	18	19	20	21	22	23	24	25	26	27	28	29	30	31	32	33	34	35	36	37	38	39	40	41	42	43	44	46	47
0	1	2	6	8	10	12	14	15	16	17	18	19	20	21	22	23	25	27	28	29	30	31	32	33	34	36	37	38	39	40	42	43	46	47
3	1	2	5	6	7	8	10	11	12	13	14	15	16	17	18	19	20	21	22	23	24	25	26	27	28	29	30	31	32	33	34	35	36	37	38	39	40	41	42	43	44	46	47
Sonntag 11:00	MK	27.07.2025	11:00	-1	-1	
2
0	12	30
3	6	5
0	2
3	2
0	0	1	2	3	4	6	8	9	10	12	14	15	16	17	18	19	20	21	22	23	25	27	28	29	30	31	32	33	34	36	37	38	39	40	42	43	46	47
3	0	1	2	3	4	5	6	7	8	9	10	11	12	13	14	15	16	17	18	19	20	21	22	23	24	25	26	27	28	29	30	31	32	33	34	35	36	37	38	39	40	41	42	43	44	46	47
0	0	1	2	3	4	8	9	10	14	15	16	17	18	19	20	21	22	23	25	27	28	29	31	32	33	34	36	37	38	39	40	42	43	46	47
3	0	1	2	3	4	7	8	9	10	11	13	14	15	16	17	18	19	20	21	22	23	24	25	26	27	28	29	31	32	33	34	35	36	37	38	39	40	41	42	43	44	46	47
Dienstag 18:30	MK	29.07.2025	18:30	-1	-1	
1
3	29	28
3	2
3	1	2	3	4	5	6	7	9	11	13	14	15	16	17	18	19	20	21	22	24	25	26	27	28	29	33	34	35	37	41	42	43	44
3	1	2	3	4	5	6	7	9	11	13	14	15	16	17	18	19	20	21	22	24	25	26	27	33	34	35	37	41	42	43	44
Samstag 18:30	PP	02.08.2025	18:30	-1	-1	
2
0	23	25
3	24	36
0	2
3	2
0	0	1	2	3	4	6	8	9	10	12	14	15	16	17	18	19	20	21	22	23	25	27	28	29	30	31	32	33	34	36	37	38	39	40	42	43	46	47
3	0	1	2	3	4	5	6	7	8	9	10	11	12	13	14	15	16	17	18	19	20	21	22	23	24	25	26	27	28	29	30	31	32	33	34	35	36	37	38	39	40	41	42	43	44	46	47
0	0	1	2	3	4	6	8	9	10	12	14	15	16	17	18	19	20	21	22	27	28	29	30	31	32	33	34	37	38	39	40	42	43	46	47
3	0	1	2	3	4	5	6	7	8	9	10	11	12	13	14	15	16	17	18	19	20	21	22	26	27	28	29	30	31	32	33	34	35	37	38	39	40	41	42	43	44	46	47
Sonntag 9:00	PP	03.08.2025	09:00	-1	-1	
2
0	19	18
3	42	46
0	2
3	2
0	0	3	6	9	10	14	16	18	19	20	21	22	23	25	29	33	34	36	42	43	46	47
3	0	3	5	6	7	9	10	11	13	14	16	18	19	20	21	22	23	24	25	26	29	33	34	35	36	41	42	43	44	46	47
0	0	3	6	9	10	14	16	20	21	22	23	25	29	33	34	36	43	47
3	0	3	5	6	7	9	10	11	13	14	16	20	21	22	23	24	25	26	29	33	34	35	36	41	43	44	47
Sonntag 11:00	MK	03.08.2025	11:00	-1	-1	
2
0	9	20
3	35	0
0	2
3	2
0	0	3	6	9	10	14	16	18	19	20	21	22	23	25	29	33	34	36	42	43	46	47
3	0	3	5	6	7	9	10	11	13	14	16	18	19	20	21	22	23	24	25	26	29	33	34	35	36	41	42	43	44	46	47
0	3	6	10	14	16	18	19	21	22	23	25	29	33	34	36	42	43	46	47
3	3	5	6	7	10	11	13	14	16	18	19	21	22	23	24	25	26	29	33	34	36	41	42	43	44	46	47
Dienstag 18:30	MK	05.08.2025	18:30	-1	-1	
1
3	13	41
3	2
3	3	5	6	7	9	11	13	14	16	18	19	20	21	22	24	25	26	29	33	34	35	41	42	43	44
3	3	5	6	7	9	11	14	16	18	19	20	21	22	24	25	26	29	33	34	35	42	43	44
Samstag 18:30	PP	09.08.2025	18:30	-1	-1	
2
0	14	34
3	33	15
0	2
3	2
0	0	1	2	3	4	6	8	9	10	14	15	16	17	18	19	20	21	22	23	25	27	28	29	30	31	32	33	34	36	39	40	42	43	46	47
3	0	1	2	3	4	5	6	7	8	9	10	11	13	14	15	16	17	18	19	20	21	22	23	24	25	26	27	28	29	30	31	32	33	34	35	36	39	40	41	42	43	44	46	47
0	0	1	2	3	4	6	8	9	10	16	17	18	19	20	21	22	23	25	27	28	29	30	31	32	36	39	40	42	43	46	47
3	0	1	2	3	4	5	6	7	8	9	10	11	13	16	17	18	19	20	21	22	23	24	25	26	27	28	29	30	31	32	35	36	39	40	41	42	43	44	46	47
Sonntag 9:00	PP	10.08.2025	09:00	-1	-1	
2
0	40	39
3	8	7
0	2
3	2
0	0	1	2	3	4	6	8	9	10	12	14	15	16	17	18	19	20	21	22	23	25	27	28	29	30	31	32	33	34	36	39	40	42	43	46	47
3	0	1	2	3	4	5	6	7	8	9	10	11	12	13	14	15	16	17	18	19	20	21	22	23	24	25	26	27	28	29	30	31	32	33	34	35	36	39	40	41	42	43	44	46	47
0	0	1	2	3	4	6	9	10	12	14	15	16	17	18	19	20	21	22	23	25	27	28	29	30	31	32	33	34	36	42	43	46	47
3	0	1	2	3	4	5	6	9	10	11	12	13	14	15	16	17	18	19	20	21	22	23	24	25	26	27	28	29	30	31	32	33	34	35	36	41	42	43	44	46	47
Sonntag 11:00	MK	10.08.2025	11:00	-1	-1	
2
0	1	10
3	17	2
0	2
3	2
0	0	1	2	3	4	6	8	9	10	12	14	15	16	17	18	19	20	21	22	23	25	27	28	29	30	31	32	33	34	36	39	40	42	43	46	47
3	0	1	2	3	4	5	6	7	8	9	10	11	12	13	14	15	16	17	18	19	20	21	22	23	24	25	26	27	28	29	30	31	32	33	34	35	36	39	40	41	42	43	44	46	47
0	0	3	4	6	8	9	12	14	15	16	18	19	20	21	22	23	25	27	28	29	30	31	32	33	34	36	39	40	42	43	46	47
3	0	3	4	5	6	7	8	9	11	12	13	14	15	16	18	19	20	21	22	23	24	25	26	27	28	29	30	31	32	33	34	35	36	39	40	41	42	43	44	46	47
Dienstag 18:30	MK	12.08.2025	18:30	-1	-1	
5
3	11	43
1	47
2	38	37	27	16
4	45	39
0	42	40
3	2
1	1
2	4
4	2
0	2
3	1	2	3	4	5	6	7	9	11	13	14	15	16	17	18	19	20	21	22	24	25	26	27	28	29	33	34	35	41	42	43	44
1	2	8	12	30	32	45	47
2	1	2	8	15	16	17	21	22	23	27	30	31	32	36	37	38	39	40	42	45	46	47
4	8	31	37	39	45	47
0	0	1	2	3	4	6	8	9	10	12	14	15	16	17	18	19	20	21	22	23	25	27	28	29	30	31	32	33	34	36	37	38	39	40	42	43	45	46	47
3	1	2	3	4	5	6	7	9	13	14	15	17	18	19	20	21	22	24	25	26	28	29	33	34	35	41	44
1	2	8	12	30	32
2	1	2	8	15	17	21	22	23	30	31	32	36	46
4	8	31
0	0	1	2	3	4	6	8	9	10	12	14	15	17	18	19	20	21	22	23	25	28	29	30	31	32	33	34	36	46
Samstag 18:30	PP	16.08.2025	18:30	-1	-1	
2
0	3	32
3	26	4
0	2
3	2
0	0	1	2	3	4	6	8	9	10	12	14	15	16	17	18	19	20	21	22	23	25	27	28	29	30	31	32	33	34	36	39	40	42	43	46	47
3	0	1	2	3	4	5	6	7	8	9	10	11	12	13	14	15	16	17	18	19	20	21	22	23	24	25	26	27	28	29	30	31	32	33	34	35	36	39	40	41	42	43	44	46	47
0	0	1	2	6	8	9	10	12	14	15	16	17	18	19	20	21	22	23	25	27	28	29	30	31	33	34	36	39	40	42	43	46	47
3	0	1	2	5	6	7	8	9	10	11	12	13	14	15	16	17	18	19	20	21	22	23	24	25	27	28	29	30	31	33	34	35	36	39	40	41	42	43	44	46	47
Sonntag 9:00	PP	17.08.2025	09:00	-1	-1	
2
0	29	28
3	42	44
0	2
3	2
0	0	1	2	3	4	6	8	9	10	12	14	15	16	17	18	19	20	21	22	23	25	27	28	29	30	31	32	33	34	36	39	40	42	43	46	47
3	0	1	2	3	4	5	6	7	8	9	10	11	12	13	14	15	16	17	18	19	20	21	22	23	24	25	26	27	28	29	30	31	32	33	34	35	36	39	40	41	42	43	44	46	47
0	0	1	2	3	4	6	8	9	10	12	14	15	16	17	18	19	20	21	22	23	25	27	30	31	32	33	34	36	39	40	43	46	47
3	0	1	2	3	4	5	6	7	8	9	10	11	12	13	14	15	16	17	18	19	20	21	22	23	24	25	26	27	30	31	32	33	34	35	36	39	40	41	43	46	47
Sonntag 11:00	MK	17.08.2025	11:00	-1	-1	
2
0	22	21
3	8	7
0	2
3	2
0	0	1	2	3	4	6	8	9	10	12	14	15	16	17	18	19	20	21	22	23	25	27	28	29	30	31	32	33	34	36	39	40	42	43	46	47
3	0	1	2	3	4	5	6	7	8	9	10	11	12	13	14	15	16	17	18	19	20	21	22	23	24	25	26	27	28	29	30	31	32	33	34	35	36	39	40	41	42	43	44	46	47
0	0	1	2	3	4	6	9	10	12	14	15	16	17	18	19	20	23	25	27	28	29	30	31	32	33	34	36	39	40	42	43	46	47
3	0	1	2	3	4	5	6	9	10	11	12	13	14	15	16	17	18	19	20	23	24	25	26	27	28	29	30	31	32	33	34	35	36	39	40	41	42	43	44	46	47
Dienstag 18:30	MK	19.08.2025	18:30	-1	-1	
1
3	15	14
3	2
3	1	2	3	4	5	6	7	9	11	13	14	15	16	17	18	19	20	21	22	24	25	26	27	28	29	33	34	35	41	42	43	44
3	1	2	3	4	5	6	7	9	11	13	16	17	18	19	20	21	22	24	25	26	27	28	29	33	34	35	41	42	43	44
Samstag 18:30	PP	23.08.2025	18:30	-1	-1	
2
0	38	37
3	36	46
0	2
3	2
0	0	1	2	3	4	6	8	9	10	12	14	15	16	17	18	19	20	21	22	23	25	27	28	29	30	31	32	33	34	36	37	38	39	40	42	43	46	47
3	0	1	2	3	4	5	6	7	8	9	10	11	12	13	14	15	16	17	18	19	20	21	22	23	24	25	26	27	28	29	30	31	32	33	34	35	36	37	38	39	40	41	42	43	44	46	47
0	0	1	2	3	4	6	8	9	10	12	14	15	16	17	18	19	20	21	22	23	25	27	28	29	30	31	32	33	34	39	40	42	43	47
3	0	1	2	3	4	5	6	7	8	9	10	11	12	13	14	15	16	17	18	19	20	21	22	23	24	25	26	27	28	29	30	31	32	33	34	35	39	40	41	42	43	44	47
Sonntag 9:00	PP	24.08.2025	09:00	-1	-1	
2
0	47	16
3	17	31
0	2
3	2
0	0	1	2	3	4	6	8	9	10	12	14	15	16	17	18	19	20	21	22	23	25	27	28	29	30	31	32	33	34	36	37	38	39	40	42	43	46	47
3	0	1	2	3	4	5	6	7	8	9	10	11	12	13	14	15	16	17	18	19	20	21	22	23	24	25	26	27	28	29	30	31	32	33	34	35	36	37	38	39	40	41	42	43	44	46	47
0	0	1	2	3	4	6	8	9	10	12	14	15	18	19	20	21	22	23	25	27	28	29	30	32	33	34	36	37	38	39	40	42	43	46
3	0	1	2	3	4	5	6	7	8	9	10	11	12	13	14	15	18	19	20	21	22	23	24	25	26	27	28	29	30	32	33	34	35	36	37	38	39	40	41	42	43	44	46
Sonntag 11:00	MK	24.08.2025	11:00	-1	-1	
2
0	2	1
3	26	41
0	2
3	2
0	0	1	2	3	4	6	8	9	10	12	14	15	16	17	18	19	20	21	22	23	25	27	28	29	30	31	32	33	34	36	37	38	39	40	42	43	46	47
3	0	1	2	3	4	5	6	7	8	9	10	11	12	13	14	15	16	17	18	19	20	21	22	23	24	25	26	27	28	29	30	31	32	33	34	35	36	37	38	39	40	41	42	43	44	46	47
0	0	3	4	6	8	9	10	12	14	15	16	17	18	19	20	21	22	23	25	27	28	29	30	31	32	33	34	36	37	38	39	40	42	43	46	47
3	0	3	4	5	6	7	8	9	10	11	12	13	14	15	16	17	18	19	20	21	22	23	24	25	27	28	29	30	31	32	33	34	35	36	37	38	39	40	42	43	44	46	47
Dienstag 18:30	MK	26.08.2025	18:30	-1	-1	
1
3	6	5
3	2
3	1	2	3	4	5	6	7	9	11	13	14	15	16	17	18	19	20	21	22	24	25	26	27	28	29	33	34	35	37	41	42	43	44
3	1	2	3	4	7	9	11	13	14	15	16	17	18	19	20	21	22	24	25	26	27	28	29	33	34	35	37	41	42	43	44
Samstag 18:30	PP	30.08.2025	18:30	-1	-1	
2
0	18	33
3	44	19
0	2
3	2
0	0	1	2	3	4	6	8	9	10	12	14	15	16	17	18	19	20	21	22	23	25	27	28	29	30	31	32	33	34	36	37	38	39	40	42	43	46	47
3	0	1	2	3	4	5	6	7	8	9	10	11	12	13	14	15	16	17	18	19	20	21	22	23	24	25	26	27	28	29	30	31	32	33	34	35	36	37	38	39	40	41	42	43	44	46	47
0	0	1	2	3	4	6	8	9	10	12	14	15	16	17	20	21	22	23	25	27	28	29	30	31	32	34	36	37	38	39	40	42	43	46	47
3	0	1	2	3	4	5	6	7	8	9	10	11	12	13	14	15	16	17	20	21	22	23	24	25	26	27	28	29	30	31	32	34	35	36	37	38	39	40	41	42	43	46	47
Sonntag 9:00	PP	31.08.2025	09:00	-1	-1	
2
0	12	25
3	35	30
0	2
3	2
0	0	1	2	3	4	6	8	9	10	12	14	15	16	17	18	19	20	21	22	23	25	27	28	29	30	31	32	33	34	36	37	38	39	40	42	43	46	47
3	0	1	2	3	4	5	6	7	8	9	10	11	12	13	14	15	16	17	18	19	20	21	22	23	24	25	26	27	28	29	30	31	32	33	34	35	36	37	38	39	40	41	42	43	44	46	47
0	0	1	2	3	4	6	8	9	10	14	15	16	17	18	19	20	21	22	23	27	28	29	31	32	33	34	36	37	38	39	40	42	43	46	47
3	0	1	2	3	4	5	6	7	8	9	10	11	13	14	15	16	17	18	19	20	21	22	23	24	26	27	28	29	31	32	33	34	36	37	38	39	40	41	42	43	44	46	47
Sonntag 11:00	MK	31.08.2025	11:00	-1	-1	
2
0	36	23
3	13	27
0	2
3	2
0	0	1	2	3	4	6	8	9	10	12	14	15	16	17	18	19	20	21	22	23	25	27	28	29	30	31	32	33	34	36	37	38	39	40	42	43	46	47
3	0	1	2	3	4	5	6	7	8	9	10	11	12	13	14	15	16	17	18	19	20	21	22	23	24	25	26	27	28	29	30	31	32	33	34	35	36	37	38	39	40	41	42	43	44	46	47
0	0	1	2	3	4	6	8	9	10	12	14	15	16	17	18	19	20	21	22	25	28	29	30	31	32	33	34	37	38	39	40	42	43	46	47
3	0	1	2	3	4	5	6	7	8	9	10	11	12	14	15	16	17	18	19	20	21	22	24	25	26	28	29	30	31	32	33	34	35	37	38	39	40	41	42	43	44	46	47
