Sonntag 9:00	PP	01.06.2025	09:00	-1	-1	
2
0	3	33
3	36	4
0	2
3	2
0	0	1	2	3	4	6	7	9	10	11	13	15	16	17	18	19	20	21	22	23	24	26	28	29	30	31	32	33	34	35	37	38	39	40	41	43	44	46	47	48
3	0	1	2	3	4	5	6	7	8	9	10	11	12	13	14	15	16	17	18	19	20	21	22	23	24	25	26	27	28	29	30	31	32	33	34	35	36	37	38	39	40	41	42	43	44	45	46	47	48
0	0	1	2	6	7	9	10	11	13	15	16	17	18	19	20	21	22	23	24	26	28	29	30	31	32	34	35	37	38	39	40	41	43	44	46	47	48
3	0	1	2	5	6	7	8	9	10	11	12	13	14	15	16	17	18	19	20	21	22	23	24	25	26	27	28	29	30	31	32	34	35	37	38	39	40	41	42	43	44	45	46	47	48
Sonntag 11:00	MK	01.06.2025	11:00	-1	-1	
2
0	22	9
3	23	8
0	2
3	2
0	0	1	2	3	4	6	7	9	10	11	13	15	16	17	18	19	20	21	22	23	24	26	28	29	30	31	32	33	34	35	37	38	39	40	41	43	44	46	47	48
3	0	1	2	3	4	5	6	7	8	9	10	11	12	13	14	15	16	17	18	19	20	21	22	23	24	25	26	27	28	29	30	31	32	33	34	35	36	37	38	39	40	41	42	43	44	45	46	47	48
0	0	1	2	3	4	6	7	10	11	13	15	16	17	18	19	20	21	24	26	28	29	30	31	32	33	34	35	37	38	39	40	41	43	44	46	47	48
3	0	1	2	3	4	5	6	7	10	11	12	13	14	15	16	17	18	19	20	21	24	25	26	27	28	29	30	31	32	33	34	35	36	37	38	39	40	41	42	43	44	45	46	47	48
Dienstag 18:30	MK	03.06.2025	18:30	-1	-1	
1
3	42	27
3	2
3	1	2	3	4	5	6	7	8	10	12	14	15	16	17	18	19	20	21	22	23	25	26	27	28	29	30	34	35	36	38	42	43	44	45	46
3	1	2	3	4	5	6	7	8	10	12	14	15	16	17	18	19	20	21	22	23	25	26	28	29	30	34	35	36	38	43	44	45	46
Samstag 18:30	PP	07.06.2025	18:30	-1	-1	
2
0	28	46
3	26	18
0	2
3	2
0	0	1	2	3	4	6	7	9	10	11	13	15	16	17	18	19	20	21	22	23	24	26	28	29	30	31	32	33	34	35	37	38	39	40	41	43	44	46	47	48
3	0	1	2	3	4	5	6	7	8	9	10	11	12	13	14	15	16	17	18	19	20	21	22	23	24	25	26	27	28	29	30	31	32	33	34	35	36	37	38	39	40	41	42	43	44	45	46	47	48
0	0	1	2	3	4	6	7	9	10	11	13	15	16	17	19	20	21	22	23	24	29	30	31	32	33	34	35	37	38	39	40	41	43	44	47	48
3	0	1	2	3	4	5	6	7	8	9	10	11	12	13	14	15	16	17	19	20	21	22	23	24	25	27	29	30	31	32	33	34	35	36	37	38	39	40	41	42	43	44	45	47	48
Sonntag 9:00	PP	08.06.2025	09:00	-1	-1	
2
0	20	19
3	32	35
0	2
3	2
0	0	1	2	3	4	6	7	9	10	11	13	15	16	17	18	19	20	21	22	23	24	26	28	29	30	31	32	33	34	35	37	38	39	40	41	43	44	46	47	48
3	0	1	2	3	4	5	6	7	8	9	10	11	12	13	14	15	16	17	18	19	20	21	22	23	24	25	26	27	28	29	30	31	32	33	34	35	36	37	38	39	40	41	42	43	44	45	46	47	48
0	0	1	2	3	4	6	7	9	10	11	13	15	16	17	18	21	22	23	24	26	28	29	30	31	33	34	37	38	39	40	41	43	44	46	47	48
3	0	1	2	3	4	5	6	7	8	9	10	11	12	13	14	15	16	17	18	21	22	23	24	25	26	27	28	29	30	31	33	34	36	37	38	39	40	41	42	43	44	45	46	47	48
Sonntag 11:00	MK	08.06.2025	11:00	-1	-1	
2
0	24	37
3	25	44
0	2
3	2
0	0	1	2	3	4	6	7	9	10	11	13	15	16	17	18	19	20	21	22	23	24	26	28	29	30	31	32	33	34	35	37	38	39	40	41	43	44	46	47	48
3	0	1	2	3	4	5	6	7	8	9	10	11	12	13	14	15	16	17	18	19	20	21	22	23	24	25	26	27	28	29	30	31	32	33	34	35	36	37	38	39	40	41	42	43	44	45	46	47	48
0	0	1	2	3	4	6	7	9	10	11	13	15	16	17	18	19	20	21	22	23	26	28	29	30	31	32	33	34	35	38	39	40	41	43	46	47	48
3	0	1	2	3	4	5	6	7	8	9	10	11	12	13	14	15	16	17	18	19	20	21	22	23	26	27	28	29	30	31	32	33	34	35	36	38	39	40	41	42	43	45	46	47	48
Dienstag 18:30	MK	10.06.2025	18:30	-1	-1	
1
3	21	14
3	2
3	1	2	3	4	5	6	7	8	10	12	14	15	16	17	18	19	20	21	22	23	25	26	27	28	29	30	34	35	36	38	42	43	44	45	46
3	1	2	3	4	5	6	7	8	10	12	15	16	17	18	19	20	22	23	25	26	27	28	29	30	34	35	36	38	42	43	44	45	46
Samstag 18:30	PP	14.06.2025	18:30	-1	-1	
2
0	16	15
3	39	38
0	2
3	2
0	0	1	2	3	4	6	7	9	10	11	13	15	16	17	18	19	20	21	22	23	24	26	28	29	30	31	32	33	34	35	37	38	39	40	41	43	44	46	47	48
3	0	1	2	3	4	5	6	7	8	9	10	11	12	13	14	15	16	17	18	19	20	21	22	23	24	25	26	27	28	29	30	31	32	33	34	35	36	37	38	39	40	41	42	43	44	45	46	47	48
0	0	1	2	3	4	6	7	9	10	11	13	17	18	19	20	21	22	23	24	26	28	29	30	31	32	33	34	35	37	40	41	43	44	46	47	48
3	0	1	2	3	4	5	6	7	8	9	10	11	12	13	14	17	18	19	20	21	22	23	24	25	26	27	28	29	30	31	32	33	34	35	36	37	40	41	42	43	44	45	46	47	48
Sonntag 9:00	PP	15.06.2025	09:00	-1	-1	
2
0	10	0
3	13	31
0	2
3	2
0	0	1	2	3	4	6	7	9	10	11	13	15	16	17	18	19	20	21	22	23	24	26	28	29	30	31	32	33	34	35	37	38	39	40	41	43	44	46	47	48
3	0	1	2	3	4	5	6	7	8	9	10	11	12	13	14	15	16	17	18	19	20	21	22	23	24	25	26	27	28	29	30	31	32	33	34	35	36	37	38	39	40	41	42	43	44	45	46	47	48
0	1	2	3	4	6	7	9	11	15	16	17	18	19	20	21	22	23	24	26	28	29	30	32	33	34	35	37	38	39	40	41	43	44	46	47	48
3	1	2	3	4	5	6	7	8	9	11	12	14	15	16	17	18	19	20	21	22	23	24	25	26	27	28	29	30	32	33	34	35	36	37	38	39	40	41	42	43	44	45	46	47	48
Sonntag 11:00	MK	15.06.2025	11:00	-1	-1	
2
0	47	11
3	30	29
0	2
3	2
0	0	1	2	3	4	6	7	9	10	11	13	15	16	17	18	19	20	21	22	23	24	26	28	29	30	31	32	33	34	35	37	38	39	40	41	43	44	46	47	48
3	0	1	2	3	4	5	6	7	8	9	10	11	12	13	14	15	16	17	18	19	20	21	22	23	24	25	26	27	28	29	30	31	32	33	34	35	36	37	38	39	40	41	42	43	44	45	46	47	48
0	0	1	2	3	4	6	7	9	10	13	15	16	17	18	19	20	21	22	23	24	26	28	31	32	33	34	35	37	38	39	40	41	43	44	46	48
3	0	1	2	3	4	5	6	7	8	9	10	12	13	14	15	16	17	18	19	20	21	22	23	24	25	26	27	28	31	32	33	34	35	36	37	38	39	40	41	42	43	44	45	46	48
Dienstag 18:30	MK	17.06.2025	18:30	-1	-1	
1
3	6	5
3	2
3	1	2	3	4	5	6	7	8	10	12	14	15	16	17	18	19	20	21	22	23	25	26	27	28	29	30	34	35	36	38	42	43	44	45	46
3	1	2	3	4	7	8	10	12	14	15	16	17	18	19	20	21	22	23	25	26	27	28	29	30	34	35	36	38	42	43	44	45	46
Samstag 18:30	PP	21.06.2025	18:30	-1	-1	
2
0	1	7
3	45	2
0	2
3	2
0	0	1	2	3	4	6	7	9	10	11	13	15	16	17	18	19	20	21	22	23	24	26	28	29	30	31	32	33	34	35	37	38	39	40	41	43	44	46	47	48
3	0	1	2	3	4	5	6	7	8	9	10	11	12	13	14	15	16	17	18	19	20	21	22	23	24	25	26	27	28	29	30	31	32	33	34	35	36	37	38	39	40	41	42	43	44	45	46	47	48
0	0	3	4	6	9	10	11	13	15	16	17	18	19	20	21	22	23	24	26	28	29	30	31	32	33	34	35	37	38	39	40	41	43	44	46	47	48
3	0	3	4	5	6	8	9	10	11	12	13	14	15	16	17	18	19	20	21	22	23	24	25	26	27	28	29	30	31	32	33	34	35	36	37	38	39	40	41	42	43	44	46	47	48
Sonntag 9:00	PP	22.06.2025	09:00	-1	-1	
2
0	40	34
3	48	41
0	2
3	2
0	0	1	2	3	4	6	7	9	10	11	13	15	16	17	18	19	20	21	22	23	24	26	28	29	30	31	32	33	34	35	37	38	39	40	41	43	44	46	47	48
3	0	1	2	3	4	5	6	7	8	9	10	11	12	13	14	15	16	17	18	19	20	21	22	23	24	25	26	27	28	29	30	31	32	33	34	35	36	37	38	39	40	41	42	43	44	45	46	47	48
0	0	1	2	3	4	6	7	9	10	11	13	15	16	17	18	19	20	21	22	23	24	26	28	29	30	31	32	33	35	37	38	39	43	44	46	47
3	0	1	2	3	4	5	6	7	8	9	10	11	12	13	14	15	16	17	18	19	20	21	22	23	24	25	26	27	28	29	30	31	32	33	35	36	37	38	39	42	43	44	45	46	47
Sonntag 11:00	MK	22.06.2025	11:00	-1	-1	
2
0	17	43
3	12	48
0	2
3	2
0	0	1	2	3	4	6	7	9	10	11	13	15	16	17	18	19	20	21	22	23	24	26	28	29	30	31	32	33	34	35	37	38	39	40	41	43	44	46	47	48
3	0	1	2	3	4	5	6	7	8	9	10	11	12	13	14	15	16	17	18	19	20	21	22	23	24	25	26	27	28	29	30	31	32	33	34	35	36	37	38	39	40	41	42	43	44	45	46	47	48
0	0	1	2	3	4	6	7	9	10	11	13	15	16	18	19	20	21	22	23	24	26	28	29	30	31	32	33	34	35	37	38	39	40	41	44	46	47
3	0	1	2	3	4	5	6	7	8	9	10	11	13	14	15	16	18	19	20	21	22	23	24	25	26	27	28	29	30	31	32	33	34	35	36	37	38	39	40	41	42	44	45	46	47
Firmung	MK	23.06.2025	10:00	-1	-1	
2
0	16	15	4	3
1	13
0	4
1	1
0	0	1	2	3	4	6	7	9	10	11	13	15	16	17	18	19	20	21	22	23	24	26	28	29	30	31	32	33	34	35	37	38	39	40	41	43	44	46	47	48
1	2	9	13	31	33	46	48
0	0	1	2	6	7	9	10	11	17	18	19	20	21	22	23	24	26	28	29	30	31	32	33	34	35	37	38	39	40	41	43	44	46	47	48
1	2	9	31	33	46	48
Dienstag 18:30	MK	24.06.2025	18:30	-1	-1	
1
3	46	21
3	2
3	1	2	3	4	5	6	7	8	10	12	14	15	16	17	18	19	20	21	22	23	25	26	27	28	29	30	34	35	36	38	42	43	44	45	46
3	1	2	3	4	5	6	7	8	10	12	14	15	16	17	18	19	20	22	23	25	26	27	28	29	30	34	35	36	38	42	43	44	45
Samstag 18:30	PP	28.06.2025	18:30	-1	-1	
2
0	24	37
3	42	26
0	2
3	2
0	0	1	2	3	4	6	7	9	10	11	13	15	16	17	18	19	20	21	22	23	24	26	28	29	30	31	32	33	34	35	37	38	39	40	41	43	44	46	47	48
3	0	1	2	3	4	5	6	7	8	9	10	11	12	13	14	15	16	17	18	19	20	21	22	23	24	25	26	27	28	29	30	31	32	33	34	35	36	37	38	39	40	41	42	43	44	45	46	47	48
0	0	1	2	3	4	6	7	9	10	11	13	15	16	17	18	19	20	21	22	23	28	29	30	31	32	33	34	35	38	39	40	41	43	44	46	47	48
3	0	1	2	3	4	5	6	7	8	9	10	11	12	13	14	15	16	17	18	19	20	21	22	23	25	27	28	29	30	31	32	33	34	35	36	38	39	40	41	43	44	45	46	47	48
Sonntag 9:00	PP	29.06.2025	09:00	-1	-1	
2
0	0	6
3	45	5
0	2
3	2
0	0	1	2	3	4	6	7	9	10	11	13	15	16	17	18	19	20	21	22	23	24	26	28	29	30	31	32	33	34	35	37	38	39	40	41	43	44	46	47	48
3	0	1	2	3	4	5	6	7	8	9	10	11	12	13	14	15	16	17	18	19	20	21	22	23	24	25	26	27	28	29	30	31	32	33	34	35	36	37	38	39	40	41	42	43	44	45	46	47	48
0	1	2	3	4	7	9	10	11	13	15	16	17	18	19	20	21	22	23	24	26	28	29	30	31	32	33	34	35	37	38	39	40	41	43	44	46	47	48
3	1	2	3	4	7	8	9	10	11	12	13	14	15	16	17	18	19	20	21	22	23	24	25	26	27	28	29	30	31	32	33	34	35	36	37	38	39	40	41	42	43	44	46	47	48
Sonntag 11:00	MK	29.06.2025	11:00	-1	-1	
2
0	39	38
3	48	17
0	2
3	2
0	0	1	2	3	4	6	7	9	10	11	13	15	16	17	18	19	20	21	22	23	24	26	28	29	30	31	32	33	34	35	37	38	39	40	41	43	44	46	47	48
3	0	1	2	3	4	5	6	7	8	9	10	11	12	13	14	15	16	17	18	19	20	21	22	23	24	25	26	27	28	29	30	31	32	33	34	35	36	37	38	39	40	41	42	43	44	45	46	47	48
0	0	1	2	3	4	6	7	9	10	11	13	15	16	18	19	20	21	22	23	24	26	28	29	30	31	32	33	34	35	37	40	41	43	44	46	47
3	0	1	2	3	4	5	6	7	8	9	10	11	12	13	14	15	16	18	19	20	21	22	23	24	25	26	27	28	29	30	31	32	33	34	35	36	37	40	41	42	43	44	45	46	47
Patrozinium/ Heimatfest	PP	30.06.2025	09:00	-1	-1	
4
0	30	29
2	31	33
3	8	1	12	34	13	35	2	25	41	19	20	40
4	32	9
0	2
2	2
3	12
4	2
0	0	1	2	3	4	6	7	9	10	11	13	15	16	17	18	19	20	21	22	23	24	26	28	29	30	31	32	33	34	35	37	38	39	40	41	43	44	46	47	48
2	1	2	9	16	17	18	22	23	24	28	31	32	33	37	38	39	40	41	43	46	47	48
3	0	1	2	3	4	5	6	7	8	9	10	11	12	13	14	15	16	17	18	19	20	21	22	23	24	25	26	27	28	29	30	31	32	33	34	35	36	37	38	39	40	41	42	43	44	45	46	47	48
4	9	32	38	39	40	46	48
0	0	3	4	6	7	10	11	15	16	17	18	21	22	23	24	26	28	37	38	39	43	44	46	47	48
2	16	17	18	22	23	24	28	37	38	39	43	46	47	48
3	0	3	4	5	6	7	10	11	14	15	16	17	18	21	22	23	24	26	27	28	36	37	38	39	42	43	44	45	46	47	48
4	38	39	46	48
Dienstag 18:30	MK	01.07.2025	18:30	-1	-1	
1
3	23	22
3	2
3	1	2	3	4	5	6	7	8	10	12	14	15	16	17	18	19	20	21	22	23	25	26	27	28	29	30	34	35	36	38	42	43	44	45	46
3	1	2	3	4	5	6	7	8	10	12	14	15	16	17	18	19	20	21	25	26	27	28	29	30	34	35	36	38	42	43	44	45	46
Samstag 18:30	PP	05.07.2025	18:30	-1	-1	
2
0	18	44
3	11	27
0	2
3	2
0	0	1	2	3	4	6	7	9	10	11	13	15	16	17	18	19	20	21	22	23	24	26	28	29	30	31	32	33	34	35	37	38	39	40	41	43	44	46	47	48
3	0	1	2	3	4	5	6	7	8	9	10	11	12	13	14	15	16	17	18	19	20	21	22	23	24	25	26	27	28	29	30	31	32	33	34	35	36	37	38	39	40	41	42	43	44	45	46	47	48
0	0	1	2	3	4	6	7	9	10	13	15	16	17	19	20	21	22	23	24	26	28	29	30	31	32	33	34	35	37	38	39	40	41	43	46	47	48
3	0	1	2	3	4	5	6	7	8	9	10	12	13	14	15	16	17	19	20	21	22	23	24	25	26	28	29	30	31	32	33	34	35	36	37	38	39	40	41	42	43	45	46	47	48
Sonntag 9:00	PP	06.07.2025	09:00	-1	-1	
2
0	43	10
3	14	7
0	2
3	2
0	0	1	2	3	4	6	7	9	10	11	13	15	16	17	18	19	20	21	22	23	24	26	28	29	30	31	32	33	34	35	37	38	39	40	41	43	44	46	47	48
3	0	1	2	3	4	5	6	7	8	9	10	11	12	13	14	15	16	17	18	19	20	21	22	23	24	25	26	27	28	29	30	31	32	33	34	35	36	37	38	39	40	41	42	43	44	45	46	47	48
0	0	1	2	3	4	6	9	11	13	15	16	17	18	19	20	21	22	23	24	26	28	29	30	31	32	33	34	35	37	38	39	40	41	44	46	47	48
3	0	1	2	3	4	5	6	8	9	11	12	13	15	16	17	18	19	20	21	22	23	24	25	26	27	28	29	30	31	32	33	34	35	36	37	38	39	40	41	42	44	45	46	47	48
Sonntag 11:00	MK	06.07.2025	11:00	-1	-1	
2
0	47	28
3	42	36
0	2
3	2
0	0	1	2	3	4	6	7	9	10	11	13	15	16	17	18	19	20	21	22	23	24	26	28	29	30	31	32	33	34	35	37	38	39	40	41	43	44	46	47	48
3	0	1	2	3	4	5	6	7	8	9	10	11	12	13	14	15	16	17	18	19	20	21	22	23	24	25	26	27	28	29	30	31	32	33	34	35	36	37	38	39	40	41	42	43	44	45	46	47	48
0	0	1	2	3	4	6	7	9	10	11	13	15	16	17	18	19	20	21	22	23	24	26	29	30	31	32	33	34	35	37	38	39	40	41	43	44	46	48
3	0	1	2	3	4	5	6	7	8	9	10	11	12	13	14	15	16	17	18	19	20	21	22	23	24	25	26	27	29	30	31	32	33	34	35	37	38	39	40	41	43	44	45	46	48
Dienstag 18:30	MK	08.07.2025	18:30	-1	-1	
1
3	16	15
3	2
3	1	2	3	4	5	6	7	8	10	12	14	15	16	17	18	19	20	21	22	23	25	26	27	28	29	30	34	35	36	38	42	43	44	45	46
3	1	2	3	4	5	6	7	8	10	12	14	17	18	19	20	21	22	23	25	26	27	28	29	30	34	35	36	38	42	43	44	45	46
Samstag 18:30	PP	12.07.2025	18:30	-1	-1	
2
0	39	38
3	9	8
0	2
3	2
0	0	1	2	3	4	6	7	9	10	11	13	15	16	17	18	19	20	21	22	23	24	26	28	29	30	31	32	33	34	35	37	38	39	40	41	43	44	46	47	48
3	0	1	2	3	4	5	6	7	8	9	10	11	12	13	14	15	16	17	18	19	20	21	22	23	24	25	26	27	28	29	30	31	32	33	34	35	36	37	38	39	40	41	42	43	44	45	46	47	48
0	0	1	2	3	4	6	7	10	11	13	15	16	17	18	19	20	21	22	23	24	26	28	29	30	31	32	33	34	35	37	40	41	43	44	46	47	48
3	0	1	2	3	4	5	6	7	10	11	12	13	14	15	16	17	18	19	20	21	22	23	24	25	26	27	28	29	30	31	32	33	34	35	36	37	40	41	42	43	44	45	46	47	48
Sonntag 9:00	PP	13.07.2025	09:00	-1	-1	
2
0	18	46
3	11	25
0	2
3	2
0	0	1	2	3	4	6	7	9	10	11	13	15	16	17	18	19	20	21	22	23	24	26	28	29	30	31	32	33	34	35	37	38	39	40	41	43	44	46	47	48
3	0	1	2	3	4	5	6	7	8	9	10	11	12	13	14	15	16	17	18	19	20	21	22	23	24	25	26	27	28	29	30	31	32	33	34	35	36	37	38	39	40	41	42	43	44	45	46	47	48
0	0	1	2	3	4	6	7	9	10	13	15	16	17	19	20	21	22	23	24	26	28	29	30	31	32	33	34	35	37	38	39	40	41	43	44	47	48
3	0	1	2	3	4	5	6	7	8	9	10	12	13	14	15	16	17	19	20	21	22	23	24	26	27	28	29	30	31	32	33	34	35	36	37	38	39	40	41	42	43	44	45	47	48
Sonntag 11:00	MK	13.07.2025	11:00	-1	-1	
2
0	41	40
3	37	24
0	2
3	2
0	0	1	2	3	4	6	7	9	10	11	13	15	16	17	18	19	20	21	22	23	24	26	28	29	30	31	32	33	34	35	37	38	39	40	41	43	44	46	47	48
3	0	1	2	3	4	5	6	7	8	9	10	11	12	13	14	15	16	17	18	19	20	21	22	23	24	25	26	27	28	29	30	31	32	33	34	35	36	37	38	39	40	41	42	43	44	45	46	47	48
0	0	1	2	3	4	6	7	9	10	11	13	15	16	17	18	19	20	21	22	23	26	28	29	30	31	32	33	34	35	38	39	43	44	46	47	48
3	0	1	2	3	4	5	6	7	8	9	10	11	12	13	14	15	16	17	18	19	20	21	22	23	25	26	27	28	29	30	31	32	33	34	35	36	38	39	42	43	44	45	46	47	48
Dienstag 18:30	MK	15.07.2025	18:30	-1	-1	
1
3	35	7
3	2
3	1	2	3	4	5	6	7	8	10	12	14	15	16	17	18	19	20	21	22	23	25	26	27	28	29	30	34	35	36	38	42	43	44	45	46
3	1	2	3	4	5	6	8	10	12	14	15	16	17	18	19	20	21	22	23	25	26	27	28	29	30	34	36	38	42	43	44	45	46
Samstag 18:30	PP	19.07.2025	18:30	-1	-1	
2
0	2	1
3	10	0
0	2
3	2
0	0	1	2	3	4	6	7	9	10	11	13	15	16	17	18	19	20	21	22	23	24	26	28	29	30	31	32	33	34	35	37	38	39	40	41	43	44	46	47	48
3	0	1	2	3	4	5	6	7	8	9	10	11	12	13	14	15	16	17	18	19	20	21	22	23	24	25	26	27	28	29	30	31	32	33	34	35	36	37	38	39	40	41	42	43	44	45	46	47	48
0	3	4	6	7	9	11	13	15	16	17	18	19	20	21	22	23	24	26	28	29	30	31	32	33	34	35	37	38	39	40	41	43	44	46	47	48
3	3	4	5	6	7	8	9	11	12	13	14	15	16	17	18	19	20	21	22	23	24	25	26	27	28	29	30	31	32	33	34	35	36	37	38	39	40	41	42	43	44	45	46	47	48
Sonntag 9:00	PP	20.07.2025	09:00	-1	-1	
2
0	20	19
3	45	12
0	2
3	2
0	0	1	2	3	4	6	7	9	10	11	13	15	16	17	18	19	20	21	22	23	24	26	28	29	30	31	32	33	34	35	37	38	39	40	41	43	44	46	47	48
3	0	1	2	3	4	5	6	7	8	9	10	11	12	13	14	15	16	17	18	19	20	21	22	23	24	25	26	27	28	29	30	31	32	33	34	35	36	37	38	39	40	41	42	43	44	45	46	47	48
0	0	1	2	3	4	6	7	9	10	11	13	15	16	17	18	21	22	23	24	26	28	29	30	31	32	33	34	35	37	38	39	40	41	43	44	46	47	48
3	0	1	2	3	4	5	6	7	8	9	10	11	13	14	15	16	17	18	21	22	23	24	25	26	27	28	29	30	31	32	33	34	35	36	37	38	39	40	41	42	43	44	46	47	48
Pfarrgarten	PP	21.07.2025	11:00	-1	-1	
2
0	21	26
3	44	36
0	2
3	2
0	0	1	2	3	4	6	7	9	10	11	13	15	16	17	18	19	20	21	22	23	24	26	28	29	30	31	32	33	34	35	37	38	39	40	41	43	44	46	47	48
3	0	1	2	3	4	5	6	7	8	9	10	11	12	13	14	15	16	17	18	19	20	21	22	23	24	25	26	27	28	29	30	31	32	33	34	35	36	37	38	39	40	41	42	43	44	45	46	47	48
0	0	1	2	3	4	6	7	9	10	11	13	15	16	17	18	19	20	22	23	24	28	29	30	31	32	33	34	35	37	38	39	40	41	43	46	47	48
3	0	1	2	3	4	5	6	7	8	9	10	11	12	13	14	15	16	17	18	19	20	22	23	24	25	27	28	29	30	31	32	33	34	35	37	38	39	40	41	42	43	45	46	47	48
Dienstag 18:30	MK	22.07.2025	18:30	-1	-1	
1
3	43	27
3	2
3	1	2	3	4	5	6	7	8	10	12	14	15	16	17	18	19	20	21	22	23	25	26	27	28	29	30	34	35	36	38	42	43	44	45	46
3	1	2	3	4	5	6	7	8	10	12	14	15	16	17	18	19	20	21	22	23	25	26	28	29	30	34	35	36	38	42	44	45	46
Samstag 18:30	PP	26.07.2025	18:30	-1	-1	
2
0	30	29
3	6	5
0	2
3	2
0	0	1	2	3	4	6	7	9	10	11	13	15	16	17	18	19	20	21	22	23	24	26	28	29	30	31	32	33	34	35	37	38	39	40	41	43	44	46	47	48
3	0	1	2	3	4	5	6	7	8	9	10	11	12	13	14	15	16	17	18	19	20	21	22	23	24	25	26	27	28	29	30	31	32	33	34	35	36	37	38	39	40	41	42	43	44	45	46	47	48
0	0	1	2	3	4	7	9	10	11	13	15	16	17	18	19	20	21	22	23	24	26	28	31	32	33	34	35	37	38	39	40	41	43	44	46	47	48
3	0	1	2	3	4	7	8	9	10	11	12	13	14	15	16	17	18	19	20	21	22	23	24	25	26	27	28	31	32	33	34	35	36	37	38	39	40	41	42	43	44	45	46	47	48
Sonntag 9:00	PP	27.07.2025	09:00	-1	-1	
2
0	23	22
3	33	32
0	2
3	2
0	0	1	2	3	4	6	7	9	10	11	13	15	16	17	18	19	20	21	22	23	24	26	28	29	30	31	32	33	34	35	37	38	39	40	41	43	44	46	47	48
3	0	1	2	3	4	5	6	7	8	9	10	11	12	13	14	15	16	17	18	19	20	21	22	23	24	25	26	27	28	29	30	31	32	33	34	35	36	37	38	39	40	41	42	43	44	45	46	47	48
0	0	1	2	3	4	6	7	9	10	11	13	15	16	17	18	19	20	21	24	26	28	29	30	31	34	35	37	38	39	40	41	43	44	46	47	48
3	0	1	2	3	4	5	6	7	8	9	10	11	12	13	14	15	16	17	18	19	20	21	24	25	26	27	28	29	30	31	34	35	36	37	38	39	40	41	42	43	44	45	46	47	48
Sonntag 11:00	MK	27.07.2025	11:00	-1	-1	
2
0	17	47
3	14	48
0	2
3	2
0	0	1	2	3	4	6	7	9	10	11	13	15	16	17	18	19	20	21	22	23	24	26	28	29	30	31	32	33	34	35	37	38	39	40	41	43	44	46	47	48
3	0	1	2	3	4	5	6	7	8	9	10	11	12	13	14	15	16	17	18	19	20	21	22	23	24	25	26	27	28	29	30	31	32	33	34	35	36	37	38	39	40	41	42	43	44	45	46	47	48
0	0	1	2	3	4	6	7	9	10	11	13	15	16	18	19	20	21	22	23	24	26	28	29	30	31	32	33	34	35	37	38	39	40	41	43	44	46
3	0	1	2	3	4	5	6	7	8	9	10	11	12	13	15	16	18	19	20	21	22	23	24	25	26	27	28	29	30	31	32	33	34	35	36	37	38	39	40	41	42	43	44	45	46
Dienstag 18:30	MK	29.07.2025	18:30	-1	-1	
1
3	4	3
3	2
3	1	2	3	4	5	6	7	8	10	12	14	15	16	17	18	19	20	21	22	23	25	26	27	28	29	30	34	35	36	38	42	43	44	45	46
3	1	2	5	6	7	8	10	12	14	15	16	17	18	19	20	21	22	23	25	26	27	28	29	30	34	35	36	38	42	43	44	45	46
